Multiple size <= 100
TEST 1 ARG:61 35 87 4 24 42 99 38 41 90 1 5 79 18 44 62 17 28 11 46 40 45 89 39 93 98 96 92 58 54 12 33 78 88 75 69 66 34 8 15 47 26 73 60 9 3 82 21 25 74 43 85 71 6 55 57 48 13 91 10 16 51 72 70 32 31 50 53 7 14 36 76 94 83 86 52 37 23 64 49 80 81 97 95 29 63 65 19 2 0 27 56 67 22 30 20 84 59 68 77 
TEST 1 ARG:61 35 87 4 24 42 99 38 41 90 1 5 79 18 44 62 17 28 11 46 40 45 89 39 93 98 96 92 58 54 12 33 78 88 75 69 66 34 8 15 47 26 73 60 9 3 82 21 25 74 43 85 71 6 55 57 48 13 91 10 16 51 72 70 32 31 50 53 7 14 36 76 94 83 86 52 37 23 64 49 80 81 97 95 29 63 65 19 2 0 27 56 67 22 30 20 84 59 68 77 
TEST 2 ARG:31 98 39 74 21 45 1 22 17 13 95 14 37 2 18 54 30 85 16 11 28 10 96 32 26 68 77 94 90 38 52 50 79 41 61 57 62 92 15 8 81 56 70 60 33 40 27 12 29 25 44 48 51 58 19 99 78 72 9 88 86 46 87 55 43 75 7 82 0 89 76 36 23 69 34 24 97 35 6 42 71 67 5 49 63 93 83 20 47 64 66 80 84 3 73 4 91 65 53 59 
TEST 2 ARG:31 98 39 74 21 45 1 22 17 13 95 14 37 2 18 54 30 85 16 11 28 10 96 32 26 68 77 94 90 38 52 50 79 41 61 57 62 92 15 8 81 56 70 60 33 40 27 12 29 25 44 48 51 58 19 99 78 72 9 88 86 46 87 55 43 75 7 82 0 89 76 36 23 69 34 24 97 35 6 42 71 67 5 49 63 93 83 20 47 64 66 80 84 3 73 4 91 65 53 59 
TEST 3 ARG:52 74 30 16 1 20 11 89 6 29 23 25 26 14 47 66 35 32 68 22 39 12 48 51 87 75 85 71 72 98 17 34 2 77 31 97 42 45 19 9 3 0 90 78 99 82 10 44 69 79 60 55 81 83 73 64 88 80 63 58 7 86 37 24 94 27 13 93 65 43 67 61 40 41 95 21 54 5 4 96 84 59 18 91 15 46 56 8 38 70 50 49 76 36 28 62 57 53 33 92 
TEST 3 ARG:52 74 30 16 1 20 11 89 6 29 23 25 26 14 47 66 35 32 68 22 39 12 48 51 87 75 85 71 72 98 17 34 2 77 31 97 42 45 19 9 3 0 90 78 99 82 10 44 69 79 60 55 81 83 73 64 88 80 63 58 7 86 37 24 94 27 13 93 65 43 67 61 40 41 95 21 54 5 4 96 84 59 18 91 15 46 56 8 38 70 50 49 76 36 28 62 57 53 33 92 
TEST 4 ARG:0 38 33 34 59 36 17 25 7 39 41 14 66 11 9 65 13 19 60 2 43 88 54 99 80 23 81 95 86 92 82 69 6 3 31 12 89 57 46 1 68 35 30 77 4 64 44 52 83 22 90 79 63 26 21 97 58 56 16 72 94 91 15 61 87 55 28 50 93 53 78 37 76 62 29 67 49 73 20 75 48 51 10 70 27 96 8 32 18 85 45 47 98 42 5 24 84 71 40 74 
TEST 5 ARG:49 57 74 97 70 76 31 4 3 75 67 88 60 30 46 8 79 66 36 35 73 87 85 52 9 98 92 29 28 54 50 0 10 68 77 2 59 25 55 27 62 39 16 20 72 83 32 61 40 37 71 48 96 13 11 14 81 7 64 80 69 95 26 33 21 65 78 44 24 43 56 15 53 89 23 47 90 84 86 94 51 22 5 34 1 99 63 42 45 18 6 19 82 12 41 93 58 38 17 91 
TEST 5 ARG:49 57 74 97 70 76 31 4 3 75 67 88 60 30 46 8 79 66 36 35 73 87 85 52 9 98 92 29 28 54 50 0 10 68 77 2 59 25 55 27 62 39 16 20 72 83 32 61 40 37 71 48 96 13 11 14 81 7 64 80 69 95 26 33 21 65 78 44 24 43 56 15 53 89 23 47 90 84 86 94 51 22 5 34 1 99 63 42 45 18 6 19 82 12 41 93 58 38 17 91 
TEST 6 ARG:81 91 47 71 33 23 18 2 86 30 72 61 8 36 32 41 34 4 93 56 66 1 85 7 38 35 73 31 84 44 63 80 64 92 5 55 75 39 58 99 45 20 42 87 89 29 90 14 68 97 9 79 57 40 19 82 77 17 37 15 24 51 25 10 74 65 13 43 27 78 3 60 21 94 26 83 53 52 28 95 16 12 69 88 22 6 96 76 0 49 98 50 54 48 70 62 46 67 11 59 
TEST 6 ARG:81 91 47 71 33 23 18 2 86 30 72 61 8 36 32 41 34 4 93 56 66 1 85 7 38 35 73 31 84 44 63 80 64 92 5 55 75 39 58 99 45 20 42 87 89 29 90 14 68 97 9 79 57 40 19 82 77 17 37 15 24 51 25 10 74 65 13 43 27 78 3 60 21 94 26 83 53 52 28 95 16 12 69 88 22 6 96 76 0 49 98 50 54 48 70 62 46 67 11 59 
TEST 7 ARG:68 51 30 36 78 26 65 81 94 63 92 34 2 27 70 87 49 35 71 23 11 56 33 9 50 22 74 43 73 20 38 28 8 75 82 64 76 16 0 24 79 15 59 89 69 39 17 53 77 1 93 47 97 72 99 85 12 58 41 4 62 40 25 80 6 42 95 61 29 55 45 91 3 14 10 5 57 21 37 46 32 13 31 83 19 60 86 67 48 7 54 88 84 96 52 90 18 44 98 66 
TEST 7 ARG:68 51 30 36 78 26 65 81 94 63 92 34 2 27 70 87 49 35 71 23 11 56 33 9 50 22 74 43 73 20 38 28 8 75 82 64 76 16 0 24 79 15 59 89 69 39 17 53 77 1 93 47 97 72 99 85 12 58 41 4 62 40 25 80 6 42 95 61 29 55 45 91 3 14 10 5 57 21 37 46 32 13 31 83 19 60 86 67 48 7 54 88 84 96 52 90 18 44 98 66 
TEST 8 ARG:32 15 86 49 36 79 61 69 81 48 58 80 77 87 8 5 20 51 46 70 54 39 19 47 29 26 7 74 88 44 43 42 18 97 17 50 73 21 1 52 99 6 91 95 38 14 68 9 35 10 4 22 67 31 53 57 93 92 34 78 63 66 11 13 76 45 90 84 55 75 64 24 0 56 30 65 23 12 28 85 60 25 71 98 2 89 82 33 41 59 3 40 16 72 94 27 83 62 37 96 
TEST 8 ARG:32 15 86 49 36 79 61 69 81 48 58 80 77 87 8 5 20 51 46 70 54 39 19 47 29 26 7 74 88 44 43 42 18 97 17 50 73 21 1 52 99 6 91 95 38 14 68 9 35 10 4 22 67 31 53 57 93 92 34 78 63 66 11 13 76 45 90 84 55 75 64 24 0 56 30 65 23 12 28 85 60 25 71 98 2 89 82 33 41 59 3 40 16 72 94 27 83 62 37 96 
TEST 9 ARG:7 35 47 42 16 82 0 51 74 83 58 84 31 9 24 40 77 62 18 11 39 17 96 61 38 69 97 49 78 81 86 29 57 99 30 45 71 20 79 92 63 32 26 56 85 13 70 12 59 90 48 2 27 43 80 60 68 36 55 66 54 4 10 1 95 3 94 33 91 15 46 98 25 14 28 23 87 52 53 89 93 21 88 76 41 37 19 75 50 73 72 67 6 34 5 8 44 22 64 65 
TEST 9 ARG:7 35 47 42 16 82 0 51 74 83 58 84 31 9 24 40 77 62 18 11 39 17 96 61 38 69 97 49 78 81 86 29 57 99 30 45 71 20 79 92 63 32 26 56 85 13 70 12 59 90 48 2 27 43 80 60 68 36 55 66 54 4 10 1 95 3 94 33 91 15 46 98 25 14 28 23 87 52 53 89 93 21 88 76 41 37 19 75 50 73 72 67 6 34 5 8 44 22 64 65 
TEST 10 ARG:14 49 16 8 89 52 65 82 0 94 58 7 46 96 80 51 92 13 76 6 41 23 48 66 19 34 64 20 95 26 40 27 73 59 10 11 75 70 69 22 45 81 78 85 67 68 15 86 98 53 31 21 57 72 17 37 29 1 43 71 28 44 77 50 97 61 90 63 54 12 4 39 32 42 38 55 84 24 74 2 88 79 93 25 35 5 62 18 3 87 83 56 60 36 30 9 33 99 91 47 
TEST 10 ARG:14 49 16 8 89 52 65 82 0 94 58 7 46 96 80 51 92 13 76 6 41 23 48 66 19 34 64 20 95 26 40 27 73 59 10 11 75 70 69 22 45 81 78 85 67 68 15 86 98 53 31 21 57 72 17 37 29 1 43 71 28 44 77 50 97 61 90 63 54 12 4 39 32 42 38 55 84 24 74 2 88 79 93 25 35 5 62 18 3 87 83 56 60 36 30 9 33 99 91 47 
TEST 11 ARG:25 30 39 1 33 96 50 23 48 66 87 46 78 57 6 68 88 72 47 17 90 94 44 2 53 38 16 15 18 95 24 61 22 28 83 69 93 19 60 54 76 55 37 5 75 43 4 42 20 27 74 73 3 85 52 56 98 11 59 45 41 63 31 97 77 89 26 82 9 32 79 13 21 51 35 12 80 7 71 64 91 49 92 65 84 86 67 0 8 62 14 81 40 29 58 99 70 36 34 10 
TEST 11 ARG:25 30 39 1 33 96 50 23 48 66 87 46 78 57 6 68 88 72 47 17 90 94 44 2 53 38 16 15 18 95 24 61 22 28 83 69 93 19 60 54 76 55 37 5 75 43 4 42 20 27 74 73 3 85 52 56 98 11 59 45 41 63 31 97 77 89 26 82 9 32 79 13 21 51 35 12 80 7 71 64 91 49 92 65 84 86 67 0 8 62 14 81 40 29 58 99 70 36 34 10 
TEST 12 ARG:47 28 23 58 12 64 74 65 72 45 79 51 13 99 77 3 46 39 32 63 69 42 50 93 1 8 30 31 53 0 84 43 14 36 21 27 24 70 83 44 20 7 29 33 25 38 16 17 15 96 19 6 66 22 76 55 61 52 5 62 11 75 92 68 78 60 41 98 80 18 54 88 89 90 94 9 95 67 59 97 37 48 73 91 10 57 40 86 82 56 49 26 35 71 87 85 4 34 2 81 
TEST 12 ARG:47 28 23 58 12 64 74 65 72 45 79 51 13 99 77 3 46 39 32 63 69 42 50 93 1 8 30 31 53 0 84 43 14 36 21 27 24 70 83 44 20 7 29 33 25 38 16 17 15 96 19 6 66 22 76 55 61 52 5 62 11 75 92 68 78 60 41 98 80 18 54 88 89 90 94 9 95 67 59 97 37 48 73 91 10 57 40 86 82 56 49 26 35 71 87 85 4 34 2 81 
TEST 13 ARG:67 53 28 27 44 38 76 14 10 80 97 48 98 54 22 57 20 5 7 74 83 17 43 1 69 23 47 90 34 99 61 91 35 56 60 25 29 81 6 82 79 70 40 71 24 36 75 86 0 49 21 2 58 63 65 89 31 30 41 55 64 50 68 18 66 96 95 77 13 19 87 62 45 84 85 46 15 32 9 11 78 94 3 37 16 93 88 92 12 73 72 42 59 33 26 39 4 51 52 8 
TEST 13 ARG:67 53 28 27 44 38 76 14 10 80 97 48 98 54 22 57 20 5 7 74 83 17 43 1 69 23 47 90 34 99 61 91 35 56 60 25 29 81 6 82 79 70 40 71 24 36 75 86 0 49 21 2 58 63 65 89 31 30 41 55 64 50 68 18 66 96 95 77 13 19 87 62 45 84 85 46 15 32 9 11 78 94 3 37 16 93 88 92 12 73 72 42 59 33 26 39 4 51 52 8 
TEST 14 ARG:67 59 18 5 28 23 56 70 87 36 99 32 96 57 86 30 7 1 25 38 71 46 63 61 9 20 74 48 24 98 72 6 22 60 0 85 93 84 21 27 43 33 15 35 92 83 73 37 34 26 44 94 31 62 16 47 66 95 69 13 65 45 11 3 29 78 41 68 75 52 54 58 14 50 19 91 89 79 81 97 42 88 49 80 64 90 10 76 53 51 40 12 8 39 77 17 55 4 2 82 
TEST 14 ARG:67 59 18 5 28 23 56 70 87 36 99 32 96 57 86 30 7 1 25 38 71 46 63 61 9 20 74 48 24 98 72 6 22 60 0 85 93 84 21 27 43 33 15 35 92 83 73 37 34 26 44 94 31 62 16 47 66 95 69 13 65 45 11 3 29 78 41 68 75 52 54 58 14 50 19 91 89 79 81 97 42 88 49 80 64 90 10 76 53 51 40 12 8 39 77 17 55 4 2 82 
TEST 15 ARG:40 84 43 11 6 46 16 70 19 65 82 68 71 97 74 17 56 31 45 93 38 75 35 69 51 88 30 36 0 22 13 21 18 53 33 87 90 48 59 25 14 73 85 83 20 42 89 58 99 41 27 29 67 57 86 79 12 24 77 81 62 5 23 55 66 94 96 63 91 64 4 78 39 92 28 2 60 37 15 80 76 95 98 50 44 54 1 26 32 49 9 7 8 72 61 47 34 3 52 10 
TEST 15 ARG:40 84 43 11 6 46 16 70 19 65 82 68 71 97 74 17 56 31 45 93 38 75 35 69 51 88 30 36 0 22 13 21 18 53 33 87 90 48 59 25 14 73 85 83 20 42 89 58 99 41 27 29 67 57 86 79 12 24 77 81 62 5 23 55 66 94 96 63 91 64 4 78 39 92 28 2 60 37 15 80 76 95 98 50 44 54 1 26 32 49 9 7 8 72 61 47 34 3 52 10 
TEST 16 ARG:13 31 81 51 2 7 78 6 75 95 17 79 80 93 0 59 39 62 71 1 53 49 91 18 43 46 5 8 97 10 63 25 86 68 16 96 14 52 57 29 48 11 34 30 64 87 26 72 58 9 42 22 47 65 41 36 67 61 37 44 73 90 56 27 21 12 98 83 15 54 55 28 38 99 69 85 3 32 20 88 76 70 60 24 35 89 74 84 77 33 50 45 23 94 19 40 92 82 4 66 
TEST 16 ARG:13 31 81 51 2 7 78 6 75 95 17 79 80 93 0 59 39 62 71 1 53 49 91 18 43 46 5 8 97 10 63 25 86 68 16 96 14 52 57 29 48 11 34 30 64 87 26 72 58 9 42 22 47 65 41 36 67 61 37 44 73 90 56 27 21 12 98 83 15 54 55 28 38 99 69 85 3 32 20 88 76 70 60 24 35 89 74 84 77 33 50 45 23 94 19 40 92 82 4 66 
TEST 17 ARG:14 89 16 69 94 60 78 39 74 53 44 98 18 52 95 23 37 40 9 22 3 51 13 7 76 50 43 5 1 29 61 91 88 45 85 56 8 26 81 73 82 65 2 90 79 66 70 63 57 41 12 64 83 32 93 31 36 17 35 21 19 97 10 25 33 80 46 96 59 30 20 48 15 92 72 55 87 38 28 34 27 4 47 68 42 24 54 6 86 75 58 62 71 11 0 84 49 67 99 77 
TEST 17 ARG:14 89 16 69 94 60 78 39 74 53 44 98 18 52 95 23 37 40 9 22 3 51 13 7 76 50 43 5 1 29 61 91 88 45 85 56 8 26 81 73 82 65 2 90 79 66 70 63 57 41 12 64 83 32 93 31 36 17 35 21 19 97 10 25 33 80 46 96 59 30 20 48 15 92 72 55 87 38 28 34 27 4 47 68 42 24 54 6 86 75 58 62 71 11 0 84 49 67 99 77 
TEST 18 ARG:68 9 30 4 35 50 82 72 48 84 5 21 24 64 36 63 12 56 37 8 77 66 49 27 31 10 59 6 58 89 1 22 60 93 57 80 46 87 96 28 62 2 25 97 70 95 7 13 39 91 52 94 61 69 75 14 11 38 99 19 34 67 88 40 83 33 23 47 54 65 73 74 20 78 42 15 32 29 79 18 86 71 55 98 16 26 90 51 43 85 0 44 45 92 81 3 76 17 41 53 
TEST 18 ARG:68 9 30 4 35 50 82 72 48 84 5 21 24 64 36 63 12 56 37 8 77 66 49 27 31 10 59 6 58 89 1 22 60 93 57 80 46 87 96 28 62 2 25 97 70 95 7 13 39 91 52 94 61 69 75 14 11 38 99 19 34 67 88 40 83 33 23 47 54 65 73 74 20 78 42 15 32 29 79 18 86 71 55 98 16 26 90 51 43 85 0 44 45 92 81 3 76 17 41 53 
TEST 19 ARG:67 78 63 0 72 35 73 65 27 61 96 42 90 53 98 48 39 45 6 5 24 49 75 44 52 66 1 11 9 7 57 59 58 26 95 38 64 55 30 31 88 4 81 16 56 54 40 86 92 50 3 8 69 85 41 70 93 22 15 91 74 23 77 62 47 76 37 33 17 99 32 29 13 25 60 43 19 10 2 84 97 14 87 82 46 68 21 34 83 71 18 79 20 12 51 94 89 28 80 36 
TEST 19 ARG:67 78 63 0 72 35 73 65 27 61 96 42 90 53 98 48 39 45 6 5 24 49 75 44 52 66 1 11 9 7 57 59 58 26 95 38 64 55 30 31 88 4 81 16 56 54 40 86 92 50 3 8 69 85 41 70 93 22 15 91 74 23 77 62 47 76 37 33 17 99 32 29 13 25 60 43 19 10 2 84 97 14 87 82 46 68 21 34 83 71 18 79 20 12 51 94 89 28 80 36 
TEST 20 ARG:65 22 85 75 48 78 25 20 17 3 11 99 53 55 36 4 47 98 91 69 71 66 56 43 92 41 45 42 49 96 10 51 18 52 19 34 57 26 81 64 38 60 27 9 83 93 76 50 62 77 44 79 31 59 88 32 61 1 37 33 89 68 0 97 29 8 70 82 15 94 35 87 21 40 2 67 7 14 5 90 46 39 73 84 95 28 6 16 86 13 24 74 30 58 63 72 80 23 54 12 
TEST 20 ARG:65 22 85 75 48 78 25 20 17 3 11 99 53 55 36 4 47 98 91 69 71 66 56 43 92 41 45 42 49 96 10 51 18 52 19 34 57 26 81 64 38 60 27 9 83 93 76 50 62 77 44 79 31 59 88 32 61 1 37 33 89 68 0 97 29 8 70 82 15 94 35 87 21 40 2 67 7 14 5 90 46 39 73 84 95 28 6 16 86 13 24 74 30 58 63 72 80 23 54 12 
TEST 21 ARG:65 79 11 67 70 37 53 51 39 86 8 36 76 6 38 64 66 44 46 27 40 48 71 5 93 18 84 2 21 10 82 24 96 23 19 30 49 7 88 57 92 0 13 3 32 56 81 60 43 94 47 85 75 12 1 78 22 54 42 17 83 35 15 45 29 58 68 90 16 80 87 69 28 63 99 61 34 91 14 59 74 62 97 9 50 98 89 33 26 52 31 55 25 41 4 73 72 77 20 95 
TEST 21 ARG:65 79 11 67 70 37 53 51 39 86 8 36 76 6 38 64 66 44 46 27 40 48 71 5 93 18 84 2 21 10 82 24 96 23 19 30 49 7 88 57 92 0 13 3 32 56 81 60 43 94 47 85 75 12 1 78 22 54 42 17 83 35 15 45 29 58 68 90 16 80 87 69 28 63 99 61 34 91 14 59 74 62 97 9 50 98 89 33 26 52 31 55 25 41 4 73 72 77 20 95 
TEST 22 ARG:59 2 33 62 0 11 46 83 42 7 36 70 44 43 92 64 47 74 16 15 91 38 53 27 37 4 97 81 94 48 13 80 14 72 20 75 10 71 78 84 76 24 17 95 66 25 40 60 65 93 52 1 5 67 82 55 12 6 86 26 51 69 88 96 8 56 54 57 28 39 73 49 41 79 99 45 3 68 98 23 35 50 77 58 85 9 21 61 89 19 22 34 18 30 63 29 31 90 32 87 
TEST 22 ARG:59 2 33 62 0 11 46 83 42 7 36 70 44 43 92 64 47 74 16 15 91 38 53 27 37 4 97 81 94 48 13 80 14 72 20 75 10 71 78 84 76 24 17 95 66 25 40 60 65 93 52 1 5 67 82 55 12 6 86 26 51 69 88 96 8 56 54 57 28 39 73 49 41 79 99 45 3 68 98 23 35 50 77 58 85 9 21 61 89 19 22 34 18 30 63 29 31 90 32 87 
TEST 23 ARG:49 53 79 41 71 83 67 8 87 82 54 60 24 29 3 95 13 73 6 75 34 16 31 10 96 56 22 58 30 62 19 93 17 89 50 47 7 35 15 68 12 18 76 74 25 14 97 99 91 64 98 52 92 44 90 84 94 27 28 78 38 42 61 72 40 57 9 85 70 23 80 65 88 63 5 77 36 55 69 39 21 11 45 43 1 20 2 86 51 32 81 59 4 66 33 37 46 26 48 0 
TEST 23 ARG:49 53 79 41 71 83 67 8 87 82 54 60 24 29 3 95 13 73 6 75 34 16 31 10 96 56 22 58 30 62 19 93 17 89 50 47 7 35 15 68 12 18 76 74 25 14 97 99 91 64 98 52 92 44 90 84 94 27 28 78 38 42 61 72 40 57 9 85 70 23 80 65 88 63 5 77 36 55 69 39 21 11 45 43 1 20 2 86 51 32 81 59 4 66 33 37 46 26 48 0 
TEST 24 ARG:64 96 61 87 91 29 38 47 59 11 54 8 95 33 50 22 79 37 84 74 35 21 13 18 66 9 7 5 48 55 32 43 27 89 88 26 81 71 0 15 85 98 75 99 69 63 16 36 14 24 65 31 78 4 73 97 30 2 19 92 67 70 42 53 86 82 3 93 58 72 25 80 41 23 6 60 94 52 39 77 90 68 44 83 1 12 34 76 45 40 49 10 51 28 17 20 62 46 56 57 
TEST 24 ARG:64 96 61 87 91 29 38 47 59 11 54 8 95 33 50 22 79 37 84 74 35 21 13 18 66 9 7 5 48 55 32 43 27 89 88 26 81 71 0 15 85 98 75 99 69 63 16 36 14 24 65 31 78 4 73 97 30 2 19 92 67 70 42 53 86 82 3 93 58 72 25 80 41 23 6 60 94 52 39 77 90 68 44 83 1 12 34 76 45 40 49 10 51 28 17 20 62 46 56 57 
TEST 25 ARG:77 98 91 71 69 61 45 66 93 52 37 46 19 70 12 35 63 87 96 42 41 16 4 10 13 9 75 1 95 39 64 22 81 6 40 97 38 29 57 31 67 90 94 73 99 55 33 23 8 80 78 24 86 68 18 92 7 79 30 15 28 65 89 14 36 0 58 62 74 47 25 44 59 76 54 48 32 88 56 53 51 20 27 82 34 3 49 43 83 26 11 5 84 17 85 72 21 60 50 2 
TEST 25 ARG:77 98 91 71 69 61 45 66 93 52 37 46 19 70 12 35 63 87 96 42 41 16 4 10 13 9 75 1 95 39 64 22 81 6 40 97 38 29 57 31 67 90 94 73 99 55 33 23 8 80 78 24 86 68 18 92 7 79 30 15 28 65 89 14 36 0 58 62 74 47 25 44 59 76 54 48 32 88 56 53 51 20 27 82 34 3 49 43 83 26 11 5 84 17 85 72 21 60 50 2 
TEST 26 ARG:47 37 71 36 40 21 73 77 56 48 38 98 76 27 84 58 49 62 10 86 0 14 68 46 41 96 9 8 33 59 94 44 32 4 67 18 63 7 50 19 1 35 83 12 15 69 13 29 97 20 99 52 42 82 85 24 80 61 92 64 39 34 55 5 79 72 60 6 16 53 45 2 90 65 87 51 25 91 31 81 78 3 23 17 54 95 22 43 74 93 11 26 75 89 70 88 28 57 30 66 
TEST 26 ARG:47 37 71 36 40 21 73 77 56 48 38 98 76 27 84 58 49 62 10 86 0 14 68 46 41 96 9 8 33 59 94 44 32 4 67 18 63 7 50 19 1 35 83 12 15 69 13 29 97 20 99 52 42 82 85 24 80 61 92 64 39 34 55 5 79 72 60 6 16 53 45 2 90 65 87 51 25 91 31 81 78 3 23 17 54 95 22 43 74 93 11 26 75 89 70 88 28 57 30 66 
TEST 27 ARG:12 88 32 21 22 99 54 96 39 16 78 91 30 56 94 59 52 64 36 83 31 71 5 97 38 15 65 28 66 50 37 7 68 76 1 82 43 69 23 85 57 18 13 17 2 93 10 46 98 6 24 8 75 41 49 11 86 14 42 61 34 87 48 72 60 55 19 58 77 73 25 74 0 62 29 45 67 3 40 53 27 80 47 35 70 63 84 33 26 90 79 20 89 51 44 81 9 95 92 4 
TEST 27 ARG:12 88 32 21 22 99 54 96 39 16 78 91 30 56 94 59 52 64 36 83 31 71 5 97 38 15 65 28 66 50 37 7 68 76 1 82 43 69 23 85 57 18 13 17 2 93 10 46 98 6 24 8 75 41 49 11 86 14 42 61 34 87 48 72 60 55 19 58 77 73 25 74 0 62 29 45 67 3 40 53 27 80 47 35 70 63 84 33 26 90 79 20 89 51 44 81 9 95 92 4 
TEST 28 ARG:76 43 4 15 74 81 99 8 49 75 46 91 72 35 67 77 90 95 52 21 85 62 5 40 2 12 23 17 38 59 66 9 13 65 88 69 37 58 61 20 36 84 22 1 33 26 70 0 54 63 42 16 28 50 94 24 39 3 41 25 93 97 87 30 83 64 92 82 29 68 48 19 60 27 79 44 78 45 14 57 71 47 11 86 32 31 73 80 7 56 10 55 51 53 34 89 6 96 98 18 
TEST 28 ARG:76 43 4 15 74 81 99 8 49 75 46 91 72 35 67 77 90 95 52 21 85 62 5 40 2 12 23 17 38 59 66 9 13 65 88 69 37 58 61 20 36 84 22 1 33 26 70 0 54 63 42 16 28 50 94 24 39 3 41 25 93 97 87 30 83 64 92 82 29 68 48 19 60 27 79 44 78 45 14 57 71 47 11 86 32 31 73 80 7 56 10 55 51 53 34 89 6 96 98 18 
TEST 29 ARG:24 12 32 47 23 48 54 19 77 93 14 80 17 50 38 88 5 79 86 27 56 76 37 62 94 29 97 15 91 36 2 51 44 75 63 72 64 69 20 57 83 67 0 13 68 78 42 43 22 71 41 7 95 39 34 28 99 4 1 60 6 40 8 10 98 96 59 85 89 33 82 90 87 46 11 61 58 18 35 26 73 16 9 21 25 66 55 3 45 52 81 74 65 53 70 49 31 92 84 30 
TEST 29 ARG:24 12 32 47 23 48 54 19 77 93 14 80 17 50 38 88 5 79 86 27 56 76 37 62 94 29 97 15 91 36 2 51 44 75 63 72 64 69 20 57 83 67 0 13 68 78 42 43 22 71 41 7 95 39 34 28 99 4 1 60 6 40 8 10 98 96 59 85 89 33 82 90 87 46 11 61 58 18 35 26 73 16 9 21 25 66 55 3 45 52 81 74 65 53 70 49 31 92 84 30 
TEST 30 ARG:60 2 91 62 40 64 56 19 23 95 76 58 30 69 90 74 87 18 55 57 43 16 88 9 7 98 6 28 45 25 99 36 4 46 1 37 89 54 68 27 35 22 31 73 50 24 61 29 14 11 34 5 13 66 32 75 26 52 0 59 48 82 33 92 70 38 84 77 17 65 72 20 81 21 79 80 97 12 49 3 39 93 86 85 10 53 96 15 51 71 44 83 42 67 41 47 78 94 63 8 
TEST 30 ARG:60 2 91 62 40 64 56 19 23 95 76 58 30 69 90 74 87 18 55 57 43 16 88 9 7 98 6 28 45 25 99 36 4 46 1 37 89 54 68 27 35 22 31 73 50 24 61 29 14 11 34 5 13 66 32 75 26 52 0 59 48 82 33 92 70 38 84 77 17 65 72 20 81 21 79 80 97 12 49 3 39 93 86 85 10 53 96 15 51 71 44 83 42 67 41 47 78 94 63 8 
TEST 31 ARG:53 35 55 36 20 7 60 72 92 47 6 3 37 66 63 38 81 26 76 29 30 90 27 56 50 9 22 43 91 67 16 74 97 96 41 82 87 5 94 51 68 57 89 45 25 77 61 14 71 23 13 33 11 99 32 73 54 28 69 24 19 93 79 0 39 15 85 34 59 95 12 58 21 10 78 42 18 1 62 84 70 65 83 88 80 8 46 48 98 64 49 31 86 75 17 40 44 4 2 52 
TEST 31 ARG:53 35 55 36 20 7 60 72 92 47 6 3 37 66 63 38 81 26 76 29 30 90 27 56 50 9 22 43 91 67 16 74 97 96 41 82 87 5 94 51 68 57 89 45 25 77 61 14 71 23 13 33 11 99 32 73 54 28 69 24 19 93 79 0 39 15 85 34 59 95 12 58 21 10 78 42 18 1 62 84 70 65 83 88 80 8 46 48 98 64 49 31 86 75 17 40 44 4 2 52 
TEST 32 ARG:13 58 33 84 71 21 70 85 96 27 16 82 11 42 68 54 97 65 91 83 24 93 5 51 18 72 78 15 8 2 88 89 74 23 36 3 1 7 30 53 29 12 56 9 69 49 10 87 90 99 57 40 61 46 63 19 62 34 80 31 35 41 75 38 20 47 86 92 6 0 28 81 26 79 50 43 52 45 39 76 44 22 95 66 17 55 25 64 77 48 59 4 14 98 60 32 94 37 73 67 
TEST 32 ARG:13 58 33 84 71 21 70 85 96 27 16 82 11 42 68 54 97 65 91 83 24 93 5 51 18 72 78 15 8 2 88 89 74 23 36 3 1 7 30 53 29 12 56 9 69 49 10 87 90 99 57 40 61 46 63 19 62 34 80 31 35 41 75 38 20 47 86 92 6 0 28 81 26 79 50 43 52 45 39 76 44 22 95 66 17 55 25 64 77 48 59 4 14 98 60 32 94 37 73 67 
TEST 33 ARG:46 86 37 30 97 81 71 96 39 52 68 53 80 12 6 54 15 8 55 85 98 49 13 22 92 66 73 2 20 29 23 42 10 24 70 41 3 79 61 62 35 14 83 9 56 78 84 90 0 7 45 82 76 36 16 58 28 95 11 94 26 33 99 27 65 51 88 74 77 87 44 43 38 31 19 17 89 63 69 5 18 75 1 47 48 91 21 67 93 40 59 32 50 25 64 60 34 72 4 57 
TEST 33 ARG:46 86 37 30 97 81 71 96 39 52 68 53 80 12 6 54 15 8 55 85 98 49 13 22 92 66 73 2 20 29 23 42 10 24 70 41 3 79 61 62 35 14 83 9 56 78 84 90 0 7 45 82 76 36 16 58 28 95 11 94 26 33 99 27 65 51 88 74 77 87 44 43 38 31 19 17 89 63 69 5 18 75 1 47 48 91 21 67 93 40 59 32 50 25 64 60 34 72 4 57 
TEST 34 ARG:5 13 85 53 88 81 31 62 63 27 0 40 98 76 91 17 64 52 75 96 94 18 67 30 79 22 87 47 61 89 20 25 43 93 70 68 15 65 72 12 39 9 35 74 95 36 73 84 55 37 41 56 32 50 51 2 21 24 77 44 46 8 83 19 54 34 78 57 6 71 38 7 59 49 28 69 99 1 42 45 80 3 90 58 10 86 14 16 82 23 97 92 48 33 26 11 66 29 4 60 
TEST 34 ARG:5 13 85 53 88 81 31 62 63 27 0 40 98 76 91 17 64 52 75 96 94 18 67 30 79 22 87 47 61 89 20 25 43 93 70 68 15 65 72 12 39 9 35 74 95 36 73 84 55 37 41 56 32 50 51 2 21 24 77 44 46 8 83 19 54 34 78 57 6 71 38 7 59 49 28 69 99 1 42 45 80 3 90 58 10 86 14 16 82 23 97 92 48 33 26 11 66 29 4 60 
TEST 35 ARG:57 59 42 60 53 64 41 11 81 9 19 74 7 10 80 28 30 13 76 93 61 15 25 58 39 16 37 67 84 50 3 12 82 45 87 51 54 43 46 69 47 71 65 4 98 72 32 1 75 92 88 6 8 31 5 66 14 2 79 17 83 99 23 77 22 35 95 62 86 27 91 52 44 73 94 85 21 96 29 55 68 33 48 18 26 0 97 40 70 63 49 34 20 90 36 56 38 24 78 89 
TEST 35 ARG:57 59 42 60 53 64 41 11 81 9 19 74 7 10 80 28 30 13 76 93 61 15 25 58 39 16 37 67 84 50 3 12 82 45 87 51 54 43 46 69 47 71 65 4 98 72 32 1 75 92 88 6 8 31 5 66 14 2 79 17 83 99 23 77 22 35 95 62 86 27 91 52 44 73 94 85 21 96 29 55 68 33 48 18 26 0 97 40 70 63 49 34 20 90 36 56 38 24 78 89 
TEST 36 ARG:24 20 50 22 10 88 25 28 91 97 12 47 93 65 7 54 8 69 23 2 56 41 98 21 18 46 44 11 32 42 95 29 84 86 9 0 45 27 83 73 55 31 51 38 96 14 81 82 40 60 35 52 90 76 39 15 99 4 63 53 1 36 87 77 85 68 34 19 17 94 66 75 33 6 70 67 13 43 30 26 37 58 61 57 78 3 49 5 89 16 59 80 48 72 71 92 74 79 62 64 
TEST 36 ARG:24 20 50 22 10 88 25 28 91 97 12 47 93 65 7 54 8 69 23 2 56 41 98 21 18 46 44 11 32 42 95 29 84 86 9 0 45 27 83 73 55 31 51 38 96 14 81 82 40 60 35 52 90 76 39 15 99 4 63 53 1 36 87 77 85 68 34 19 17 94 66 75 33 6 70 67 13 43 30 26 37 58 61 57 78 3 49 5 89 16 59 80 48 72 71 92 74 79 62 64 
TEST 37 ARG:73 67 1 9 93 15 69 57 22 59 36 33 11 58 17 29 49 70 89 45 88 41 50 66 44 18 51 55 78 32 54 68 14 37 28 86 25 76 2 75 71 61 81 87 19 85 4 13 63 35 39 46 38 90 84 65 72 42 24 83 79 20 82 60 92 21 8 40 96 34 98 0 23 26 62 99 16 74 10 77 91 27 97 94 43 7 6 3 56 5 31 95 53 52 12 47 80 30 64 48 
TEST 37 ARG:73 67 1 9 93 15 69 57 22 59 36 33 11 58 17 29 49 70 89 45 88 41 50 66 44 18 51 55 78 32 54 68 14 37 28 86 25 76 2 75 71 61 81 87 19 85 4 13 63 35 39 46 38 90 84 65 72 42 24 83 79 20 82 60 92 21 8 40 96 34 98 0 23 26 62 99 16 74 10 77 91 27 97 94 43 7 6 3 56 5 31 95 53 52 12 47 80 30 64 48 
TEST 38 ARG:51 39 50 65 58 75 12 16 29 70 3 9 8 71 99 10 87 24 14 49 48 4 90 56 44 18 74 82 1 25 34 69 46 6 54 45 13 28 88 81 53 62 2 89 79 85 30 35 68 40 47 38 36 20 57 22 73 5 21 19 15 80 94 72 95 66 96 60 42 37 27 83 31 0 17 23 97 33 67 92 7 93 32 76 26 55 11 64 63 78 52 84 61 59 98 86 77 43 41 91 
TEST 38 ARG:51 39 50 65 58 75 12 16 29 70 3 9 8 71 99 10 87 24 14 49 48 4 90 56 44 18 74 82 1 25 34 69 46 6 54 45 13 28 88 81 53 62 2 89 79 85 30 35 68 40 47 38 36 20 57 22 73 5 21 19 15 80 94 72 95 66 96 60 42 37 27 83 31 0 17 23 97 33 67 92 7 93 32 76 26 55 11 64 63 78 52 84 61 59 98 86 77 43 41 91 
TEST 39 ARG:91 60 71 73 98 20 29 97 50 82 8 90 55 22 0 16 18 30 3 9 83 93 88 7 13 33 46 1 11 17 43 76 26 6 85 77 52 59 48 81 12 87 63 31 47 14 58 96 42 68 79 94 69 19 37 67 99 41 51 35 38 66 95 24 5 62 40 2 15 75 53 74 10 39 64 72 92 56 61 36 4 44 84 49 45 21 70 65 28 34 57 86 23 80 32 89 54 25 27 78 
TEST 39 ARG:91 60 71 73 98 20 29 97 50 82 8 90 55 22 0 16 18 30 3 9 83 93 88 7 13 33 46 1 11 17 43 76 26 6 85 77 52 59 48 81 12 87 63 31 47 14 58 96 42 68 79 94 69 19 37 67 99 41 51 35 38 66 95 24 5 62 40 2 15 75 53 74 10 39 64 72 92 56 61 36 4 44 84 49 45 21 70 65 28 34 57 86 23 80 32 89 54 25 27 78 
TEST 40 ARG:4 31 26 28 44 15 52 65 73 0 57 12 40 29 11 43 2 25 18 51 98 41 34 33 19 27 62 81 92 42 79 37 68 6 87 24 72 9 48 5 38 76 13 99 84 66 71 89 91 55 54 64 39 30 61 86 63 77 60 10 50 47 32 53 46 17 59 97 22 82 74 56 85 8 78 36 96 95 93 20 49 45 94 35 14 3 16 69 21 7 23 83 88 75 90 67 80 1 70 58 
TEST 40 ARG:4 31 26 28 44 15 52 65 73 0 57 12 40 29 11 43 2 25 18 51 98 41 34 33 19 27 62 81 92 42 79 37 68 6 87 24 72 9 48 5 38 76 13 99 84 66 71 89 91 55 54 64 39 30 61 86 63 77 60 10 50 47 32 53 46 17 59 97 22 82 74 56 85 8 78 36 96 95 93 20 49 45 94 35 14 3 16 69 21 7 23 83 88 75 90 67 80 1 70 58 
TEST 41 ARG:8 27 26 55 45 0 71 84 22 53 28 60 87 85 15 61 7 72 68 35 13 40 49 94 42 62 64 96 2 29 11 56 69 97 91 79 74 80 9 65 32 70 36 51 48 17 21 46 95 47 5 63 20 58 75 88 93 76 33 73 52 54 92 18 59 12 39 34 78 99 19 37 41 82 43 1 25 50 86 67 44 16 77 3 66 23 14 57 90 98 30 83 38 4 81 31 6 24 89 10 
TEST 41 ARG:8 27 26 55 45 0 71 84 22 53 28 60 87 85 15 61 7 72 68 35 13 40 49 94 42 62 64 96 2 29 11 56 69 97 91 79 74 80 9 65 32 70 36 51 48 17 21 46 95 47 5 63 20 58 75 88 93 76 33 73 52 54 92 18 59 12 39 34 78 99 19 37 41 82 43 1 25 50 86 67 44 16 77 3 66 23 14 57 90 98 30 83 38 4 81 31 6 24 89 10 
TEST 42 ARG:86 15 28 26 21 40 56 41 78 95 93 33 87 2 37 39 16 34 99 12 75 11 66 77 3 94 14 1 84 80 9 27 89 71 97 67 63 96 35 50 6 59 5 20 79 65 51 8 7 52 53 29 76 18 55 98 13 36 69 83 61 45 19 92 90 74 31 70 73 10 68 42 38 91 88 17 64 58 46 30 62 81 85 72 22 54 44 23 0 25 82 32 4 24 57 60 48 43 49 47 
TEST 42 ARG:86 15 28 26 21 40 56 41 78 95 93 33 87 2 37 39 16 34 99 12 75 11 66 77 3 94 14 1 84 80 9 27 89 71 97 67 63 96 35 50 6 59 5 20 79 65 51 8 7 52 53 29 76 18 55 98 13 36 69 83 61 45 19 92 90 74 31 70 73 10 68 42 38 91 88 17 64 58 46 30 62 81 85 72 22 54 44 23 0 25 82 32 4 24 57 60 48 43 49 47 
TEST 43 ARG:62 37 22 2 93 82 49 6 84 94 15 8 12 18 27 71 59 85 60 11 61 74 95 43 30 91 32 73 68 75 23 4 55 16 65 50 54 51 0 14 52 79 29 66 70 46 33 39 58 88 77 99 1 25 64 10 31 96 9 35 38 81 83 89 63 45 3 57 97 76 28 20 56 34 48 98 87 17 92 78 7 90 36 5 42 21 80 24 44 69 41 72 26 13 67 86 19 47 53 40 
TEST 43 ARG:62 37 22 2 93 82 49 6 84 94 15 8 12 18 27 71 59 85 60 11 61 74 95 43 30 91 32 73 68 75 23 4 55 16 65 50 54 51 0 14 52 79 29 66 70 46 33 39 58 88 77 99 1 25 64 10 31 96 9 35 38 81 83 89 63 45 3 57 97 76 28 20 56 34 48 98 87 17 92 78 7 90 36 5 42 21 80 24 44 69 41 72 26 13 67 86 19 47 53 40 
TEST 44 ARG:70 26 12 41 74 94 79 58 87 88 65 59 44 93 30 21 24 2 99 81 82 63 78 39 54 31 97 27 90 33 61 23 83 42 55 7 6 13 62 4 19 60 18 28 34 84 8 51 5 29 3 50 53 9 17 36 49 20 75 0 98 67 37 25 57 73 91 95 40 14 1 71 10 46 48 16 56 72 64 52 66 15 38 45 43 32 96 35 77 47 11 92 76 80 86 22 85 69 89 68 
TEST 44 ARG:70 26 12 41 74 94 79 58 87 88 65 59 44 93 30 21 24 2 99 81 82 63 78 39 54 31 97 27 90 33 61 23 83 42 55 7 6 13 62 4 19 60 18 28 34 84 8 51 5 29 3 50 53 9 17 36 49 20 75 0 98 67 37 25 57 73 91 95 40 14 1 71 10 46 48 16 56 72 64 52 66 15 38 45 43 32 96 35 77 47 11 92 76 80 86 22 85 69 89 68 
TEST 45 ARG:68 53 39 93 54 27 4 82 45 32 88 60 13 40 52 23 62 75 48 69 14 61 28 38 51 47 92 7 2 20 5 1 71 42 87 95 79 22 6 21 78 0 50 3 97 81 34 17 11 56 58 89 36 15 10 86 24 18 8 72 84 9 96 98 85 90 77 76 83 35 43 33 99 30 19 74 73 12 29 64 46 59 31 57 41 25 16 55 26 70 37 63 94 66 49 91 65 80 67 44 
TEST 45 ARG:68 53 39 93 54 27 4 82 45 32 88 60 13 40 52 23 62 75 48 69 14 61 28 38 51 47 92 7 2 20 5 1 71 42 87 95 79 22 6 21 78 0 50 3 97 81 34 17 11 56 58 89 36 15 10 86 24 18 8 72 84 9 96 98 85 90 77 76 83 35 43 33 99 30 19 74 73 12 29 64 46 59 31 57 41 25 16 55 26 70 37 63 94 66 49 91 65 80 67 44 
TEST 46 ARG:7 77 73 87 95 33 19 49 35 46 83 89 2 64 3 1 91 10 31 47 36 82 18 28 98 12 29 39 66 14 5 52 60 25 86 51 22 45 75 69 11 61 93 50 84 68 81 55 27 97 48 4 30 42 8 17 59 23 76 92 63 79 0 67 43 80 13 70 56 94 20 90 26 38 88 72 32 37 65 9 54 96 74 34 41 21 78 58 53 24 15 44 57 85 62 6 99 16 71 40 
TEST 46 ARG:7 77 73 87 95 33 19 49 35 46 83 89 2 64 3 1 91 10 31 47 36 82 18 28 98 12 29 39 66 14 5 52 60 25 86 51 22 45 75 69 11 61 93 50 84 68 81 55 27 97 48 4 30 42 8 17 59 23 76 92 63 79 0 67 43 80 13 70 56 94 20 90 26 38 88 72 32 37 65 9 54 96 74 34 41 21 78 58 53 24 15 44 57 85 62 6 99 16 71 40 
TEST 47 ARG:37 24 81 48 11 80 15 85 46 59 38 77 43 76 23 0 18 45 66 58 64 95 90 26 61 21 87 57 33 51 14 68 39 65 70 20 72 54 74 41 62 19 4 69 82 83 7 78 91 71 3 56 10 53 27 67 73 84 93 1 50 89 98 40 49 96 28 8 97 52 63 88 31 35 75 16 25 17 42 22 13 6 99 32 29 36 2 86 60 34 44 92 47 94 30 12 5 79 55 9 
TEST 47 ARG:37 24 81 48 11 80 15 85 46 59 38 77 43 76 23 0 18 45 66 58 64 95 90 26 61 21 87 57 33 51 14 68 39 65 70 20 72 54 74 41 62 19 4 69 82 83 7 78 91 71 3 56 10 53 27 67 73 84 93 1 50 89 98 40 49 96 28 8 97 52 63 88 31 35 75 16 25 17 42 22 13 6 99 32 29 36 2 86 60 34 44 92 47 94 30 12 5 79 55 9 
TEST 48 ARG:20 97 8 28 55 69 3 98 87 75 35 61 24 1 21 89 86 47 73 93 67 57 33 46 7 82 51 6 45 58 72 26 71 85 16 60 95 22 11 15 62 66 25 29 12 74 54 2 63 48 18 43 27 44 17 0 76 64 94 39 34 13 38 96 37 65 99 83 91 79 56 78 50 5 81 90 40 4 92 80 70 77 30 88 42 52 36 32 59 68 23 19 14 53 49 31 9 84 41 10 
TEST 48 ARG:20 97 8 28 55 69 3 98 87 75 35 61 24 1 21 89 86 47 73 93 67 57 33 46 7 82 51 6 45 58 72 26 71 85 16 60 95 22 11 15 62 66 25 29 12 74 54 2 63 48 18 43 27 44 17 0 76 64 94 39 34 13 38 96 37 65 99 83 91 79 56 78 50 5 81 90 40 4 92 80 70 77 30 88 42 52 36 32 59 68 23 19 14 53 49 31 9 84 41 10 
TEST 49 ARG:58 25 73 93 30 42 76 74 15 3 34 35 33 8 98 52 14 83 86 11 51 88 44 41 62 90 17 16 92 78 47 38 69 84 60 95 72 61 55 65 1 96 75 87 85 4 13 6 89 66 31 10 67 26 82 5 94 91 43 23 9 81 32 27 20 79 53 12 56 28 64 0 37 40 49 63 70 21 24 39 97 7 80 59 18 22 36 45 29 19 68 2 57 48 54 71 99 46 50 77 
TEST 49 ARG:58 25 73 93 30 42 76 74 15 3 34 35 33 8 98 52 14 83 86 11 51 88 44 41 62 90 17 16 92 78 47 38 69 84 60 95 72 61 55 65 1 96 75 87 85 4 13 6 89 66 31 10 67 26 82 5 94 91 43 23 9 81 32 27 20 79 53 12 56 28 64 0 37 40 49 63 70 21 24 39 97 7 80 59 18 22 36 45 29 19 68 2 57 48 54 71 99 46 50 77 
TEST 50 ARG:28 49 67 83 31 46 15 60 70 77 39 86 92 47 38 74 9 87 53 20 88 11 97 62 71 50 82 24 68 95 80 61 25 89 56 40 72 0 96 10 33 5 76 16 19 36 63 45 4 44 12 35 75 69 23 57 94 7 26 79 18 85 84 8 42 30 22 41 91 48 21 54 55 37 17 93 43 14 1 3 66 29 90 13 34 32 58 51 65 81 98 2 73 52 78 64 59 27 99 6 
TEST 50 ARG:28 49 67 83 31 46 15 60 70 77 39 86 92 47 38 74 9 87 53 20 88 11 97 62 71 50 82 24 68 95 80 61 25 89 56 40 72 0 96 10 33 5 76 16 19 36 63 45 4 44 12 35 75 69 23 57 94 7 26 79 18 85 84 8 42 30 22 41 91 48 21 54 55 37 17 93 43 14 1 3 66 29 90 13 34 32 58 51 65 81 98 2 73 52 78 64 59 27 99 6 
TEST 51 ARG:73 61 78 30 98 48 58 15 29 49 56 85 1 65 26 28 86 51 2 77 18 93 59 60 87 47 23 11 25 38 69 34 31 82 17 22 95 52 4 68 54 45 24 39 66 20 91 72 14 19 50 32 79 55 92 64 9 83 10 21 3 44 90 12 88 36 97 84 76 81 7 37 42 94 13 35 33 53 43 41 74 27 62 75 40 8 89 80 46 16 63 99 71 57 67 5 96 6 0 70 
TEST 51 ARG:73 61 78 30 98 48 58 15 29 49 56 85 1 65 26 28 86 51 2 77 18 93 59 60 87 47 23 11 25 38 69 34 31 82 17 22 95 52 4 68 54 45 24 39 66 20 91 72 14 19 50 32 79 55 92 64 9 83 10 21 3 44 90 12 88 36 97 84 76 81 7 37 42 94 13 35 33 53 43 41 74 27 62 75 40 8 89 80 46 16 63 99 71 57 67 5 96 6 0 70 
TEST 52 ARG:33 20 25 15 22 86 0 57 26 73 81 48 66 28 34 64 94 52 70 9 71 80 59 56 78 91 84 36 1 31 4 50 13 44 49 87 82 21 55 89 98 95 2 39 58 30 76 12 51 93 5 54 53 60 75 6 35 24 42 69 62 19 83 17 45 63 77 8 14 65 68 7 32 38 90 11 47 67 74 99 88 27 97 61 10 79 96 46 40 29 43 92 23 37 18 16 3 85 72 41 
TEST 52 ARG:33 20 25 15 22 86 0 57 26 73 81 48 66 28 34 64 94 52 70 9 71 80 59 56 78 91 84 36 1 31 4 50 13 44 49 87 82 21 55 89 98 95 2 39 58 30 76 12 51 93 5 54 53 60 75 6 35 24 42 69 62 19 83 17 45 63 77 8 14 65 68 7 32 38 90 11 47 67 74 99 88 27 97 61 10 79 96 46 40 29 43 92 23 37 18 16 3 85 72 41 
TEST 53 ARG:23 8 73 28 58 74 26 97 65 90 40 53 3 88 86 37 17 22 2 99 63 92 44 80 54 6 50 49 15 87 64 56 27 21 66 55 41 42 31 14 19 20 67 9 45 30 68 61 38 10 94 83 36 82 25 79 95 76 43 57 18 51 89 84 5 71 77 16 32 4 0 60 62 11 78 39 29 81 13 75 24 35 52 91 33 47 96 85 48 7 70 59 69 12 1 72 34 98 93 46 
TEST 53 ARG:23 8 73 28 58 74 26 97 65 90 40 53 3 88 86 37 17 22 2 99 63 92 44 80 54 6 50 49 15 87 64 56 27 21 66 55 41 42 31 14 19 20 67 9 45 30 68 61 38 10 94 83 36 82 25 79 95 76 43 57 18 51 89 84 5 71 77 16 32 4 0 60 62 11 78 39 29 81 13 75 24 35 52 91 33 47 96 85 48 7 70 59 69 12 1 72 34 98 93 46 
TEST 54 ARG:93 97 23 13 12 27 82 76 22 51 71 46 30 31 48 95 68 80 8 59 55 16 61 28 19 7 73 66 45 11 5 41 15 87 33 91 60 42 29 65 32 74 78 79 36 92 81 54 0 17 44 18 85 64 6 24 88 86 52 47 53 63 70 83 10 94 43 38 50 56 35 14 40 1 62 58 75 25 67 37 98 99 90 96 26 84 69 89 34 39 20 3 72 21 9 57 49 77 4 2 
TEST 54 ARG:93 97 23 13 12 27 82 76 22 51 71 46 30 31 48 95 68 80 8 59 55 16 61 28 19 7 73 66 45 11 5 41 15 87 33 91 60 42 29 65 32 74 78 79 36 92 81 54 0 17 44 18 85 64 6 24 88 86 52 47 53 63 70 83 10 94 43 38 50 56 35 14 40 1 62 58 75 25 67 37 98 99 90 96 26 84 69 89 34 39 20 3 72 21 9 57 49 77 4 2 
TEST 55 ARG:14 26 62 98 28 44 46 64 3 38 78 32 53 65 95 74 17 11 60 9 42 7 51 69 19 73 52 85 13 33 24 29 93 71 96 31 48 84 36 5 87 89 54 50 68 57 35 91 66 63 43 67 2 92 0 21 16 94 25 75 8 79 55 80 86 18 97 72 99 22 6 81 37 1 10 27 88 59 20 77 82 39 41 76 34 45 56 15 4 40 70 83 23 49 47 90 30 12 58 61 
TEST 55 ARG:14 26 62 98 28 44 46 64 3 38 78 32 53 65 95 74 17 11 60 9 42 7 51 69 19 73 52 85 13 33 24 29 93 71 96 31 48 84 36 5 87 89 54 50 68 57 35 91 66 63 43 67 2 92 0 21 16 94 25 75 8 79 55 80 86 18 97 72 99 22 6 81 37 1 10 27 88 59 20 77 82 39 41 76 34 45 56 15 4 40 70 83 23 49 47 90 30 12 58 61 
TEST 56 ARG:0 7 97 20 46 25 35 63 39 58 38 84 75 8 40 23 80 55 91 45 48 67 43 51 89 21 37 11 95 96 64 10 66 50 4 52 6 88 73 60 65 24 36 41 34 18 33 76 74 26 5 93 9 14 56 61 81 54 29 19 1 78 32 16 82 90 77 79 31 92 69 59 53 87 94 42 86 28 30 72 44 62 68 12 15 83 99 49 71 27 17 70 57 13 85 47 22 3 98 2 
TEST 57 ARG:98 65 90 8 55 91 73 7 17 76 95 11 64 67 16 58 22 6 52 38 92 31 86 56 18 94 37 13 28 69 54 30 0 44 27 59 34 68 19 87 51 75 23 21 50 77 78 33 36 24 88 49 26 45 47 5 81 82 66 57 62 74 96 12 93 1 32 40 9 85 42 99 43 63 80 35 15 70 10 84 39 20 60 72 3 46 25 29 83 61 2 79 48 41 4 14 53 89 71 97 
TEST 57 ARG:98 65 90 8 55 91 73 7 17 76 95 11 64 67 16 58 22 6 52 38 92 31 86 56 18 94 37 13 28 69 54 30 0 44 27 59 34 68 19 87 51 75 23 21 50 77 78 33 36 24 88 49 26 45 47 5 81 82 66 57 62 74 96 12 93 1 32 40 9 85 42 99 43 63 80 35 15 70 10 84 39 20 60 72 3 46 25 29 83 61 2 79 48 41 4 14 53 89 71 97 
TEST 58 ARG:52 8 60 94 55 25 80 30 20 16 33 51 89 49 21 12 72 71 98 61 62 54 93 97 65 81 10 26 32 91 48 9 50 37 44 64 42 40 43 18 75 39 7 90 11 70 88 67 4 53 2 45 77 99 0 22 28 34 87 5 92 3 19 41 86 23 17 24 1 13 82 68 59 63 6 78 15 46 84 85 73 96 35 95 38 66 76 47 57 27 58 31 74 79 56 14 83 69 36 29 
TEST 58 ARG:52 8 60 94 55 25 80 30 20 16 33 51 89 49 21 12 72 71 98 61 62 54 93 97 65 81 10 26 32 91 48 9 50 37 44 64 42 40 43 18 75 39 7 90 11 70 88 67 4 53 2 45 77 99 0 22 28 34 87 5 92 3 19 41 86 23 17 24 1 13 82 68 59 63 6 78 15 46 84 85 73 96 35 95 38 66 76 47 57 27 58 31 74 79 56 14 83 69 36 29 
TEST 59 ARG:30 67 54 15 20 28 10 77 72 16 39 81 32 47 13 85 41 24 65 98 74 8 60 44 7 34 59 17 58 99 11 48 45 76 46 35 14 92 95 1 40 29 75 9 22 50 21 93 18 2 55 23 64 12 4 87 27 73 63 84 53 91 96 57 19 89 86 97 6 36 26 68 52 80 0 43 78 62 3 49 66 71 25 31 51 33 88 37 5 94 42 70 83 79 38 69 90 61 56 82 
TEST 59 ARG:30 67 54 15 20 28 10 77 72 16 39 81 32 47 13 85 41 24 65 98 74 8 60 44 7 34 59 17 58 99 11 48 45 76 46 35 14 92 95 1 40 29 75 9 22 50 21 93 18 2 55 23 64 12 4 87 27 73 63 84 53 91 96 57 19 89 86 97 6 36 26 68 52 80 0 43 78 62 3 49 66 71 25 31 51 33 88 37 5 94 42 70 83 79 38 69 90 61 56 82 
TEST 60 ARG:73 11 1 7 74 40 59 33 93 28 15 94 95 86 99 53 55 38 9 16 70 51 2 3 54 24 19 44 90 91 66 5 6 96 31 47 69 22 79 92 43 48 21 18 98 61 83 88 71 58 0 60 37 4 27 13 34 82 23 46 77 57 80 81 17 64 10 85 52 76 97 26 63 35 36 49 89 39 41 29 42 62 32 65 72 14 67 68 87 30 50 84 20 78 45 25 75 56 12 8 
TEST 60 ARG:73 11 1 7 74 40 59 33 93 28 15 94 95 86 99 53 55 38 9 16 70 51 2 3 54 24 19 44 90 91 66 5 6 96 31 47 69 22 79 92 43 48 21 18 98 61 83 88 71 58 0 60 37 4 27 13 34 82 23 46 77 57 80 81 17 64 10 85 52 76 97 26 63 35 36 49 89 39 41 29 42 62 32 65 72 14 67 68 87 30 50 84 20 78 45 25 75 56 12 8 
TEST 61 ARG:24 51 43 71 55 56 0 83 85 1 3 94 52 77 95 40 36 82 65 28 15 23 72 84 26 41 44 68 54 89 47 6 92 98 8 39 37 7 76 86 27 70 10 91 46 4 38 79 96 69 34 48 22 16 29 11 81 93 2 99 64 78 53 67 75 74 73 18 49 97 19 80 31 88 90 5 57 9 30 25 17 60 21 63 13 45 61 66 50 62 14 32 35 12 42 59 33 58 87 20 
TEST 61 ARG:24 51 43 71 55 56 0 83 85 1 3 94 52 77 95 40 36 82 65 28 15 23 72 84 26 41 44 68 54 89 47 6 92 98 8 39 37 7 76 86 27 70 10 91 46 4 38 79 96 69 34 48 22 16 29 11 81 93 2 99 64 78 53 67 75 74 73 18 49 97 19 80 31 88 90 5 57 9 30 25 17 60 21 63 13 45 61 66 50 62 14 32 35 12 42 59 33 58 87 20 
TEST 62 ARG:27 33 77 32 55 61 90 71 18 6 22 87 14 64 53 96 99 47 17 48 20 39 60 93 82 67 23 37 49 42 98 38 79 11 56 28 75 86 1 3 7 34 2 36 92 65 83 41 26 89 50 84 46 78 91 44 72 66 58 73 9 74 63 12 85 45 13 21 69 57 76 43 29 68 52 94 51 19 31 80 16 0 10 24 97 30 70 8 54 95 4 81 62 35 25 40 15 59 5 88 
TEST 62 ARG:27 33 77 32 55 61 90 71 18 6 22 87 14 64 53 96 99 47 17 48 20 39 60 93 82 67 23 37 49 42 98 38 79 11 56 28 75 86 1 3 7 34 2 36 92 65 83 41 26 89 50 84 46 78 91 44 72 66 58 73 9 74 63 12 85 45 13 21 69 57 76 43 29 68 52 94 51 19 31 80 16 0 10 24 97 30 70 8 54 95 4 81 62 35 25 40 15 59 5 88 
TEST 63 ARG:60 17 5 41 71 42 65 81 21 90 70 35 67 63 57 72 61 20 92 13 96 62 55 28 59 39 54 83 3 97 68 80 9 78 85 33 36 64 0 46 76 10 18 29 87 43 49 88 34 75 26 52 44 66 82 23 73 8 7 69 2 95 91 50 32 16 12 25 99 15 74 84 27 45 53 98 19 77 94 6 31 38 4 1 30 56 14 47 58 11 51 37 40 24 93 48 89 22 86 79 
TEST 63 ARG:60 17 5 41 71 42 65 81 21 90 70 35 67 63 57 72 61 20 92 13 96 62 55 28 59 39 54 83 3 97 68 80 9 78 85 33 36 64 0 46 76 10 18 29 87 43 49 88 34 75 26 52 44 66 82 23 73 8 7 69 2 95 91 50 32 16 12 25 99 15 74 84 27 45 53 98 19 77 94 6 31 38 4 1 30 56 14 47 58 11 51 37 40 24 93 48 89 22 86 79 
TEST 64 ARG:6 18 93 56 61 38 13 86 72 3 97 84 17 41 87 30 79 66 78 57 37 99 36 64 71 5 11 98 24 32 31 19 23 29 62 22 67 4 40 8 39 73 16 45 35 10 42 21 1 55 0 44 12 76 14 65 2 58 60 33 95 15 27 85 88 69 59 25 74 46 9 47 51 80 82 70 94 43 34 48 63 81 92 91 26 20 75 77 53 83 96 54 49 89 68 28 52 50 7 90 
TEST 64 ARG:6 18 93 56 61 38 13 86 72 3 97 84 17 41 87 30 79 66 78 57 37 99 36 64 71 5 11 98 24 32 31 19 23 29 62 22 67 4 40 8 39 73 16 45 35 10 42 21 1 55 0 44 12 76 14 65 2 58 60 33 95 15 27 85 88 69 59 25 74 46 9 47 51 80 82 70 94 43 34 48 63 81 92 91 26 20 75 77 53 83 96 54 49 89 68 28 52 50 7 90 
TEST 65 ARG:3 31 96 76 66 12 44 84 68 47 56 37 61 64 11 83 19 41 89 73 43 95 82 97 58 49 98 13 55 20 34 59 7 78 2 15 26 21 4 40 62 39 60 57 32 77 45 52 46 14 88 92 38 93 28 0 48 9 29 22 80 1 81 72 17 99 23 30 90 79 25 69 71 67 51 53 35 85 87 27 75 33 54 91 6 8 86 36 65 70 94 42 16 24 18 63 74 50 10 5 
TEST 65 ARG:3 31 96 76 66 12 44 84 68 47 56 37 61 64 11 83 19 41 89 73 43 95 82 97 58 49 98 13 55 20 34 59 7 78 2 15 26 21 4 40 62 39 60 57 32 77 45 52 46 14 88 92 38 93 28 0 48 9 29 22 80 1 81 72 17 99 23 30 90 79 25 69 71 67 51 53 35 85 87 27 75 33 54 91 6 8 86 36 65 70 94 42 16 24 18 63 74 50 10 5 
TEST 66 ARG:63 76 47 23 6 17 55 45 8 24 74 15 57 5 34 61 98 82 48 69 27 68 80 65 9 93 20 2 36 95 7 88 10 49 79 28 25 73 62 14 41 13 11 21 58 97 0 52 71 86 12 4 39 59 35 94 26 91 29 44 72 90 92 77 85 51 42 54 32 70 83 33 56 3 89 87 96 19 50 1 99 31 81 60 43 40 16 18 75 84 66 37 53 64 67 30 78 22 38 46 
TEST 66 ARG:63 76 47 23 6 17 55 45 8 24 74 15 57 5 34 61 98 82 48 69 27 68 80 65 9 93 20 2 36 95 7 88 10 49 79 28 25 73 62 14 41 13 11 21 58 97 0 52 71 86 12 4 39 59 35 94 26 91 29 44 72 90 92 77 85 51 42 54 32 70 83 33 56 3 89 87 96 19 50 1 99 31 81 60 43 40 16 18 75 84 66 37 53 64 67 30 78 22 38 46 
TEST 67 ARG:60 27 22 74 12 68 14 97 9 55 8 15 86 45 95 99 53 36 0 81 29 31 42 46 72 18 57 61 48 84 71 33 26 78 6 63 23 5 59 66 96 91 98 7 41 35 17 82 43 93 25 54 3 47 38 51 50 52 89 92 67 19 1 62 80 56 85 39 90 11 37 34 79 76 24 28 94 88 83 75 30 69 58 87 20 73 44 16 65 49 13 32 40 2 21 70 64 10 77 4 
TEST 67 ARG:60 27 22 74 12 68 14 97 9 55 8 15 86 45 95 99 53 36 0 81 29 31 42 46 72 18 57 61 48 84 71 33 26 78 6 63 23 5 59 66 96 91 98 7 41 35 17 82 43 93 25 54 3 47 38 51 50 52 89 92 67 19 1 62 80 56 85 39 90 11 37 34 79 76 24 28 94 88 83 75 30 69 58 87 20 73 44 16 65 49 13 32 40 2 21 70 64 10 77 4 
TEST 68 ARG:68 39 62 47 89 55 42 81 84 91 50 43 63 3 44 56 54 90 12 11 97 93 6 64 46 95 51 73 1 85 72 70 40 57 2 23 78 82 79 49 34 61 19 41 24 86 8 7 38 17 31 53 14 48 92 18 60 58 77 67 32 5 30 94 80 25 37 16 10 52 28 83 59 76 99 74 21 69 75 45 13 26 9 4 20 22 27 65 98 96 87 33 71 29 15 88 35 66 36 0 
TEST 68 ARG:68 39 62 47 89 55 42 81 84 91 50 43 63 3 44 56 54 90 12 11 97 93 6 64 46 95 51 73 1 85 72 70 40 57 2 23 78 82 79 49 34 61 19 41 24 86 8 7 38 17 31 53 14 48 92 18 60 58 77 67 32 5 30 94 80 25 37 16 10 52 28 83 59 76 99 74 21 69 75 45 13 26 9 4 20 22 27 65 98 96 87 33 71 29 15 88 35 66 36 0 
TEST 69 ARG:38 66 90 15 42 63 86 16 46 6 65 48 18 8 32 39 93 30 72 40 45 91 47 92 34 84 23 52 4 3 80 60 53 76 54 7 14 24 79 68 50 25 58 71 2 89 19 43 74 51 20 62 96 78 27 22 77 10 29 81 55 83 28 9 12 21 64 35 36 75 88 1 67 87 70 26 95 97 69 82 49 98 85 11 37 33 94 41 5 59 44 99 0 17 13 56 57 31 73 61 
TEST 69 ARG:38 66 90 15 42 63 86 16 46 6 65 48 18 8 32 39 93 30 72 40 45 91 47 92 34 84 23 52 4 3 80 60 53 76 54 7 14 24 79 68 50 25 58 71 2 89 19 43 74 51 20 62 96 78 27 22 77 10 29 81 55 83 28 9 12 21 64 35 36 75 88 1 67 87 70 26 95 97 69 82 49 98 85 11 37 33 94 41 5 59 44 99 0 17 13 56 57 31 73 61 
TEST 70 ARG:0 45 46 12 63 77 93 49 43 19 66 8 42 28 54 61 11 88 74 82 73 78 89 27 99 79 3 24 26 86 30 5 9 33 7 64 34 65 58 53 50 14 85 48 20 75 76 4 23 2 62 87 81 51 41 90 95 57 1 35 31 59 44 72 80 94 97 36 29 25 70 60 21 13 10 22 83 32 39 18 15 91 67 52 96 84 37 17 92 56 98 16 69 38 55 47 71 40 68 6 
TEST 71 ARG:11 93 37 19 28 45 16 52 9 39 54 44 15 10 63 12 83 76 69 90 80 32 79 84 73 49 24 2 86 41 42 3 43 98 14 25 56 26 33 71 95 46 1 38 82 99 31 92 35 91 36 22 78 23 48 13 68 62 75 57 40 6 67 74 61 97 58 77 17 51 7 20 70 89 72 5 34 66 18 27 29 0 88 4 65 47 60 64 21 96 85 94 59 30 55 87 81 53 8 50 
TEST 71 ARG:11 93 37 19 28 45 16 52 9 39 54 44 15 10 63 12 83 76 69 90 80 32 79 84 73 49 24 2 86 41 42 3 43 98 14 25 56 26 33 71 95 46 1 38 82 99 31 92 35 91 36 22 78 23 48 13 68 62 75 57 40 6 67 74 61 97 58 77 17 51 7 20 70 89 72 5 34 66 18 27 29 0 88 4 65 47 60 64 21 96 85 94 59 30 55 87 81 53 8 50 
TEST 72 ARG:17 64 61 86 25 82 39 52 84 19 40 63 79 26 46 44 56 1 7 83 37 76 22 32 4 10 28 35 48 0 12 27 5 60 29 74 16 78 66 36 38 93 62 67 77 23 90 3 58 18 88 20 13 49 42 6 95 50 80 68 45 75 33 73 54 69 89 85 30 72 24 99 98 9 59 15 71 81 87 11 97 70 21 92 55 94 96 53 14 2 34 31 43 57 51 91 47 65 41 8 
TEST 72 ARG:17 64 61 86 25 82 39 52 84 19 40 63 79 26 46 44 56 1 7 83 37 76 22 32 4 10 28 35 48 0 12 27 5 60 29 74 16 78 66 36 38 93 62 67 77 23 90 3 58 18 88 20 13 49 42 6 95 50 80 68 45 75 33 73 54 69 89 85 30 72 24 99 98 9 59 15 71 81 87 11 97 70 21 92 55 94 96 53 14 2 34 31 43 57 51 91 47 65 41 8 
TEST 73 ARG:80 47 44 75 83 15 13 1 6 0 46 85 68 10 17 21 61 55 70 66 45 73 97 12 2 43 51 67 18 20 62 26 98 88 16 76 34 8 48 57 56 39 24 40 37 95 27 92 36 65 69 84 41 78 35 99 9 87 50 52 11 60 31 54 49 91 38 23 79 59 64 22 30 28 14 82 5 74 3 29 58 90 93 42 86 72 33 89 63 71 94 19 4 81 96 25 77 53 32 7 
TEST 73 ARG:80 47 44 75 83 15 13 1 6 0 46 85 68 10 17 21 61 55 70 66 45 73 97 12 2 43 51 67 18 20 62 26 98 88 16 76 34 8 48 57 56 39 24 40 37 95 27 92 36 65 69 84 41 78 35 99 9 87 50 52 11 60 31 54 49 91 38 23 79 59 64 22 30 28 14 82 5 74 3 29 58 90 93 42 86 72 33 89 63 71 94 19 4 81 96 25 77 53 32 7 
TEST 74 ARG:8 62 14 70 66 54 55 57 51 24 37 12 30 22 72 7 2 58 76 53 50 49 35 52 99 89 36 60 75 15 18 82 74 26 9 13 90 10 85 64 25 71 73 87 92 69 6 46 38 61 45 17 19 93 48 42 33 88 67 95 77 44 94 96 34 40 28 5 65 21 78 98 83 56 80 41 97 23 68 27 1 4 11 32 43 79 63 91 47 0 81 39 29 31 20 16 3 84 59 86 
TEST 74 ARG:8 62 14 70 66 54 55 57 51 24 37 12 30 22 72 7 2 58 76 53 50 49 35 52 99 89 36 60 75 15 18 82 74 26 9 13 90 10 85 64 25 71 73 87 92 69 6 46 38 61 45 17 19 93 48 42 33 88 67 95 77 44 94 96 34 40 28 5 65 21 78 98 83 56 80 41 97 23 68 27 1 4 11 32 43 79 63 91 47 0 81 39 29 31 20 16 3 84 59 86 
TEST 75 ARG:34 81 10 42 98 55 85 58 30 63 13 44 64 94 99 0 82 89 17 33 68 54 11 40 51 2 15 77 49 76 71 16 32 43 66 57 19 27 50 56 21 80 65 45 47 5 25 92 62 9 88 37 70 52 60 67 53 95 73 90 36 18 6 83 38 79 35 31 4 22 20 91 8 78 97 96 14 23 29 41 74 39 3 46 28 48 84 7 26 72 59 75 86 61 87 1 12 93 69 24 
TEST 75 ARG:34 81 10 42 98 55 85 58 30 63 13 44 64 94 99 0 82 89 17 33 68 54 11 40 51 2 15 77 49 76 71 16 32 43 66 57 19 27 50 56 21 80 65 45 47 5 25 92 62 9 88 37 70 52 60 67 53 95 73 90 36 18 6 83 38 79 35 31 4 22 20 91 8 78 97 96 14 23 29 41 74 39 3 46 28 48 84 7 26 72 59 75 86 61 87 1 12 93 69 24 
TEST 76 ARG:9 99 88 68 69 17 1 16 26 13 61 28 74 53 58 81 48 35 23 52 41 47 40 50 44 54 36 87 46 25 72 79 94 49 93 86 80 64 62 39 37 89 95 91 21 71 24 11 8 78 63 18 97 57 15 33 84 30 38 32 19 77 4 96 66 70 22 27 29 31 42 34 76 12 43 7 14 5 55 3 10 0 90 75 56 6 51 2 83 98 92 85 60 20 59 45 82 65 73 67 
TEST 76 ARG:9 99 88 68 69 17 1 16 26 13 61 28 74 53 58 81 48 35 23 52 41 47 40 50 44 54 36 87 46 25 72 79 94 49 93 86 80 64 62 39 37 89 95 91 21 71 24 11 8 78 63 18 97 57 15 33 84 30 38 32 19 77 4 96 66 70 22 27 29 31 42 34 76 12 43 7 14 5 55 3 10 0 90 75 56 6 51 2 83 98 92 85 60 20 59 45 82 65 73 67 
TEST 77 ARG:92 11 48 44 0 62 57 18 15 73 97 13 16 99 98 74 49 91 65 39 83 89 41 26 45 46 69 43 8 81 19 14 50 23 56 93 64 40 70 20 1 66 29 60 34 53 52 32 9 12 24 5 51 63 58 36 55 7 35 76 80 77 3 30 22 17 61 88 27 78 59 38 82 21 67 54 6 84 10 85 31 4 72 95 87 2 79 68 47 96 86 33 71 90 75 25 94 37 28 42 
TEST 77 ARG:92 11 48 44 0 62 57 18 15 73 97 13 16 99 98 74 49 91 65 39 83 89 41 26 45 46 69 43 8 81 19 14 50 23 56 93 64 40 70 20 1 66 29 60 34 53 52 32 9 12 24 5 51 63 58 36 55 7 35 76 80 77 3 30 22 17 61 88 27 78 59 38 82 21 67 54 6 84 10 85 31 4 72 95 87 2 79 68 47 96 86 33 71 90 75 25 94 37 28 42 
TEST 78 ARG:93 39 6 48 1 97 50 68 21 38 52 9 44 41 4 89 3 23 79 28 25 85 17 55 99 36 32 80 53 70 13 11 45 12 61 77 91 47 67 8 72 16 30 62 92 83 33 7 88 20 75 65 37 76 19 96 60 24 15 58 22 94 82 63 69 14 59 98 31 87 71 49 0 29 35 78 43 56 64 84 42 73 40 46 90 27 66 26 57 18 86 5 74 2 10 34 95 51 81 54 
TEST 78 ARG:93 39 6 48 1 97 50 68 21 38 52 9 44 41 4 89 3 23 79 28 25 85 17 55 99 36 32 80 53 70 13 11 45 12 61 77 91 47 67 8 72 16 30 62 92 83 33 7 88 20 75 65 37 76 19 96 60 24 15 58 22 94 82 63 69 14 59 98 31 87 71 49 0 29 35 78 43 56 64 84 42 73 40 46 90 27 66 26 57 18 86 5 74 2 10 34 95 51 81 54 
TEST 79 ARG:1 0 84 2 17 89 95 62 38 50 49 65 92 66 7 54 8 93 64 30 97 20 57 15 85 3 32 78 21 88 36 80 33 53 23 67 11 71 56 46 55 69 6 18 79 27 25 37 91 24 4 16 28 34 74 19 12 96 98 48 44 83 77 9 10 90 63 13 42 87 26 35 81 73 61 31 70 72 99 45 58 75 29 14 82 5 60 94 68 22 51 40 47 43 76 59 39 41 52 86 
TEST 79 ARG:1 0 84 2 17 89 95 62 38 50 49 65 92 66 7 54 8 93 64 30 97 20 57 15 85 3 32 78 21 88 36 80 33 53 23 67 11 71 56 46 55 69 6 18 79 27 25 37 91 24 4 16 28 34 74 19 12 96 98 48 44 83 77 9 10 90 63 13 42 87 26 35 81 73 61 31 70 72 99 45 58 75 29 14 82 5 60 94 68 22 51 40 47 43 76 59 39 41 52 86 
TEST 80 ARG:26 15 18 88 98 59 14 45 40 96 24 23 61 3 19 31 71 74 68 22 56 5 28 9 34 7 32 39 54 46 85 78 47 30 12 1 20 80 29 94 70 89 0 49 99 76 8 82 73 91 33 69 48 87 92 66 42 58 90 64 53 52 10 79 72 55 41 44 27 84 21 16 35 25 93 67 81 86 65 97 38 60 11 62 4 43 95 51 75 83 17 57 77 6 63 50 37 36 2 13 
TEST 80 ARG:26 15 18 88 98 59 14 45 40 96 24 23 61 3 19 31 71 74 68 22 56 5 28 9 34 7 32 39 54 46 85 78 47 30 12 1 20 80 29 94 70 89 0 49 99 76 8 82 73 91 33 69 48 87 92 66 42 58 90 64 53 52 10 79 72 55 41 44 27 84 21 16 35 25 93 67 81 86 65 97 38 60 11 62 4 43 95 51 75 83 17 57 77 6 63 50 37 36 2 13 
TEST 81 ARG:83 39 62 95 54 98 32 30 64 26 91 12 87 97 56 94 57 78 76 48 23 75 90 35 84 14 89 8 51 36 3 45 67 24 38 34 33 69 70 17 68 50 93 72 31 58 7 92 71 65 82 15 16 80 74 60 25 49 42 0 28 41 61 52 11 18 5 20 86 46 6 88 27 53 13 2 21 99 66 9 29 4 22 44 19 73 96 37 10 40 81 43 55 63 77 79 59 47 85 1 
TEST 81 ARG:83 39 62 95 54 98 32 30 64 26 91 12 87 97 56 94 57 78 76 48 23 75 90 35 84 14 89 8 51 36 3 45 67 24 38 34 33 69 70 17 68 50 93 72 31 58 7 92 71 65 82 15 16 80 74 60 25 49 42 0 28 41 61 52 11 18 5 20 86 46 6 88 27 53 13 2 21 99 66 9 29 4 22 44 19 73 96 37 10 40 81 43 55 63 77 79 59 47 85 1 
TEST 82 ARG:44 42 62 70 89 66 17 5 9 23 95 58 46 91 97 27 33 41 99 53 63 68 40 52 25 4 21 32 56 39 77 60 34 73 64 12 54 36 48 29 90 76 35 81 19 15 75 49 93 2 92 24 47 74 16 18 6 3 72 38 65 94 85 88 61 11 1 50 45 79 98 96 59 83 8 20 87 37 22 51 82 26 14 67 28 57 0 69 10 86 78 30 84 13 31 43 55 7 71 80 
TEST 82 ARG:44 42 62 70 89 66 17 5 9 23 95 58 46 91 97 27 33 41 99 53 63 68 40 52 25 4 21 32 56 39 77 60 34 73 64 12 54 36 48 29 90 76 35 81 19 15 75 49 93 2 92 24 47 74 16 18 6 3 72 38 65 94 85 88 61 11 1 50 45 79 98 96 59 83 8 20 87 37 22 51 82 26 14 67 28 57 0 69 10 86 78 30 84 13 31 43 55 7 71 80 
TEST 83 ARG:0 67 60 42 71 78 18 66 40 28 83 54 6 45 26 31 99 50 63 55 91 53 97 85 48 10 74 7 57 92 12 93 22 41 17 73 88 56 38 24 94 96 4 25 32 3 43 37 70 68 20 87 81 51 13 9 77 90 47 5 61 27 46 59 95 98 23 64 69 19 65 29 44 49 36 35 21 16 76 39 62 34 72 84 30 2 14 8 58 1 75 79 89 80 82 33 86 11 52 15 
TEST 84 ARG:42 46 89 79 96 28 77 84 4 36 72 86 41 76 70 35 63 11 94 95 88 57 13 12 59 80 31 78 30 82 73 61 87 62 37 23 21 34 19 90 97 39 74 75 69 15 47 54 44 83 58 45 48 8 26 51 16 65 20 91 40 1 32 33 5 55 85 56 24 64 25 99 18 49 50 68 81 22 60 71 93 27 9 92 14 98 38 3 52 29 66 43 53 0 10 6 17 67 2 7 
TEST 84 ARG:42 46 89 79 96 28 77 84 4 36 72 86 41 76 70 35 63 11 94 95 88 57 13 12 59 80 31 78 30 82 73 61 87 62 37 23 21 34 19 90 97 39 74 75 69 15 47 54 44 83 58 45 48 8 26 51 16 65 20 91 40 1 32 33 5 55 85 56 24 64 25 99 18 49 50 68 81 22 60 71 93 27 9 92 14 98 38 3 52 29 66 43 53 0 10 6 17 67 2 7 
TEST 85 ARG:9 51 19 97 35 40 55 54 71 64 81 91 27 62 28 73 74 84 36 90 93 80 2 0 17 88 59 61 82 89 85 7 30 12 11 70 52 95 49 60 87 66 3 20 15 24 21 63 8 75 16 41 57 22 86 26 53 45 83 38 77 6 47 42 58 68 94 96 34 67 72 79 39 43 56 14 1 32 29 48 18 69 76 31 33 13 44 78 50 92 23 37 46 4 99 98 25 65 10 5 
TEST 85 ARG:9 51 19 97 35 40 55 54 71 64 81 91 27 62 28 73 74 84 36 90 93 80 2 0 17 88 59 61 82 89 85 7 30 12 11 70 52 95 49 60 87 66 3 20 15 24 21 63 8 75 16 41 57 22 86 26 53 45 83 38 77 6 47 42 58 68 94 96 34 67 72 79 39 43 56 14 1 32 29 48 18 69 76 31 33 13 44 78 50 92 23 37 46 4 99 98 25 65 10 5 
TEST 86 ARG:21 62 51 73 42 34 95 59 65 39 35 53 4 90 76 13 84 37 91 86 81 66 23 40 74 16 77 31 0 85 80 46 22 15 36 1 72 96 55 19 10 82 9 48 26 38 94 5 20 7 78 70 57 58 63 18 89 67 14 88 64 2 44 33 83 17 93 49 71 50 87 97 3 11 60 27 69 52 29 28 45 43 99 92 12 98 56 41 68 32 75 47 54 8 61 30 24 6 25 79 
TEST 86 ARG:21 62 51 73 42 34 95 59 65 39 35 53 4 90 76 13 84 37 91 86 81 66 23 40 74 16 77 31 0 85 80 46 22 15 36 1 72 96 55 19 10 82 9 48 26 38 94 5 20 7 78 70 57 58 63 18 89 67 14 88 64 2 44 33 83 17 93 49 71 50 87 97 3 11 60 27 69 52 29 28 45 43 99 92 12 98 56 41 68 32 75 47 54 8 61 30 24 6 25 79 
TEST 87 ARG:10 49 7 14 42 77 33 74 19 32 15 71 80 34 48 29 61 22 21 59 76 56 81 5 45 28 2 66 8 51 90 47 69 41 58 68 53 3 16 57 13 44 64 98 96 92 9 46 83 62 54 65 4 94 12 67 99 1 26 17 75 88 73 84 63 0 23 89 79 60 82 97 24 38 50 25 31 30 20 36 70 86 72 87 11 37 35 93 52 27 18 95 39 43 40 91 85 55 78 6 
TEST 87 ARG:10 49 7 14 42 77 33 74 19 32 15 71 80 34 48 29 61 22 21 59 76 56 81 5 45 28 2 66 8 51 90 47 69 41 58 68 53 3 16 57 13 44 64 98 96 92 9 46 83 62 54 65 4 94 12 67 99 1 26 17 75 88 73 84 63 0 23 89 79 60 82 97 24 38 50 25 31 30 20 36 70 86 72 87 11 37 35 93 52 27 18 95 39 43 40 91 85 55 78 6 
TEST 88 ARG:65 36 7 96 52 71 8 89 9 3 17 69 25 12 42 70 72 85 53 30 23 62 57 11 46 14 58 44 5 2 80 50 63 83 94 75 48 55 28 88 35 73 37 1 56 20 49 76 38 98 51 24 27 86 0 74 34 60 33 45 41 81 15 19 84 66 26 95 97 64 32 21 54 90 10 13 77 87 68 29 4 78 79 6 99 22 61 91 43 16 18 59 31 40 47 82 92 39 93 67 
TEST 88 ARG:65 36 7 96 52 71 8 89 9 3 17 69 25 12 42 70 72 85 53 30 23 62 57 11 46 14 58 44 5 2 80 50 63 83 94 75 48 55 28 88 35 73 37 1 56 20 49 76 38 98 51 24 27 86 0 74 34 60 33 45 41 81 15 19 84 66 26 95 97 64 32 21 54 90 10 13 77 87 68 29 4 78 79 6 99 22 61 91 43 16 18 59 31 40 47 82 92 39 93 67 
TEST 89 ARG:21 64 50 10 6 90 16 93 48 29 59 57 95 39 83 76 82 60 35 14 96 77 11 2 41 97 54 12 7 66 17 94 43 88 44 65 87 5 26 47 15 80 42 22 19 20 61 92 53 69 75 8 56 91 3 23 13 30 89 98 34 9 25 81 85 78 37 31 84 36 24 68 70 55 18 73 38 1 45 32 46 67 49 72 71 74 51 27 40 99 58 63 86 79 62 0 52 28 4 33 
TEST 89 ARG:21 64 50 10 6 90 16 93 48 29 59 57 95 39 83 76 82 60 35 14 96 77 11 2 41 97 54 12 7 66 17 94 43 88 44 65 87 5 26 47 15 80 42 22 19 20 61 92 53 69 75 8 56 91 3 23 13 30 89 98 34 9 25 81 85 78 37 31 84 36 24 68 70 55 18 73 38 1 45 32 46 67 49 72 71 74 51 27 40 99 58 63 86 79 62 0 52 28 4 33 
TEST 90 ARG:93 85 10 44 45 52 83 7 51 38 86 9 15 71 80 26 13 36 41 75 99 98 42 67 49 90 92 27 60 62 20 63 14 97 70 19 68 24 21 39 88 53 56 84 25 76 4 34 33 89 82 96 40 65 54 73 11 37 87 18 23 69 50 59 74 0 32 43 12 5 61 57 22 81 46 48 16 58 91 64 35 30 3 17 94 31 6 8 55 1 95 78 77 79 28 72 29 66 2 47 
TEST 90 ARG:93 85 10 44 45 52 83 7 51 38 86 9 15 71 80 26 13 36 41 75 99 98 42 67 49 90 92 27 60 62 20 63 14 97 70 19 68 24 21 39 88 53 56 84 25 76 4 34 33 89 82 96 40 65 54 73 11 37 87 18 23 69 50 59 74 0 32 43 12 5 61 57 22 81 46 48 16 58 91 64 35 30 3 17 94 31 6 8 55 1 95 78 77 79 28 72 29 66 2 47 
TEST 91 ARG:67 57 64 72 65 71 27 73 0 29 88 1 62 8 99 36 61 74 51 66 20 40 34 55 13 92 69 83 28 18 90 4 43 87 22 91 63 54 89 96 78 84 98 21 82 58 24 76 38 85 5 2 97 50 70 23 44 42 68 47 33 52 41 35 39 37 30 94 15 59 26 53 16 77 32 11 93 45 9 86 81 7 14 48 56 31 80 3 46 19 6 17 79 49 10 60 95 25 12 75 
TEST 91 ARG:67 57 64 72 65 71 27 73 0 29 88 1 62 8 99 36 61 74 51 66 20 40 34 55 13 92 69 83 28 18 90 4 43 87 22 91 63 54 89 96 78 84 98 21 82 58 24 76 38 85 5 2 97 50 70 23 44 42 68 47 33 52 41 35 39 37 30 94 15 59 26 53 16 77 32 11 93 45 9 86 81 7 14 48 56 31 80 3 46 19 6 17 79 49 10 60 95 25 12 75 
TEST 92 ARG:83 0 67 97 16 15 21 93 81 59 3 40 9 29 10 72 38 1 57 68 31 65 7 84 62 78 26 39 95 45 25 11 99 96 8 90 79 41 51 24 27 85 92 23 86 48 22 50 58 91 4 54 98 30 49 43 76 47 80 33 74 46 64 13 69 70 5 14 73 55 77 52 71 19 2 42 44 63 61 18 82 89 35 53 12 88 56 66 17 34 75 36 6 37 87 60 94 20 28 32 
TEST 92 ARG:83 0 67 97 16 15 21 93 81 59 3 40 9 29 10 72 38 1 57 68 31 65 7 84 62 78 26 39 95 45 25 11 99 96 8 90 79 41 51 24 27 85 92 23 86 48 22 50 58 91 4 54 98 30 49 43 76 47 80 33 74 46 64 13 69 70 5 14 73 55 77 52 71 19 2 42 44 63 61 18 82 89 35 53 12 88 56 66 17 34 75 36 6 37 87 60 94 20 28 32 
TEST 93 ARG:86 36 70 2 44 4 78 11 89 48 64 90 66 33 28 7 99 35 40 71 8 77 79 53 72 17 88 43 14 3 34 32 10 24 25 65 80 27 76 97 6 74 41 42 39 62 87 20 31 57 67 75 63 56 95 9 84 26 1 69 55 13 82 38 18 93 59 29 92 30 94 23 12 22 52 50 5 37 60 68 0 21 15 85 54 49 91 19 51 47 58 73 98 61 96 46 45 83 16 81 
TEST 93 ARG:86 36 70 2 44 4 78 11 89 48 64 90 66 33 28 7 99 35 40 71 8 77 79 53 72 17 88 43 14 3 34 32 10 24 25 65 80 27 76 97 6 74 41 42 39 62 87 20 31 57 67 75 63 56 95 9 84 26 1 69 55 13 82 38 18 93 59 29 92 30 94 23 12 22 52 50 5 37 60 68 0 21 15 85 54 49 91 19 51 47 58 73 98 61 96 46 45 83 16 81 
TEST 94 ARG:10 91 47 77 23 65 86 24 96 6 39 55 70 64 32 69 11 81 94 31 17 66 58 79 20 56 92 44 37 62 1 27 97 67 8 41 15 61 34 18 13 53 59 2 95 5 90 71 76 57 9 82 85 38 43 48 84 83 93 28 46 25 26 52 98 29 49 88 54 75 87 16 4 73 42 80 22 40 89 7 36 78 68 35 63 14 74 30 45 12 19 3 60 99 0 50 33 21 51 72 
TEST 94 ARG:10 91 47 77 23 65 86 24 96 6 39 55 70 64 32 69 11 81 94 31 17 66 58 79 20 56 92 44 37 62 1 27 97 67 8 41 15 61 34 18 13 53 59 2 95 5 90 71 76 57 9 82 85 38 43 48 84 83 93 28 46 25 26 52 98 29 49 88 54 75 87 16 4 73 42 80 22 40 89 7 36 78 68 35 63 14 74 30 45 12 19 3 60 99 0 50 33 21 51 72 
TEST 95 ARG:77 95 51 62 53 68 1 78 39 85 35 86 72 44 56 24 70 61 29 28 99 41 45 67 94 48 74 7 50 91 16 15 27 65 96 69 49 37 80 4 17 57 30 0 90 36 12 55 92 97 8 10 21 76 25 31 6 42 98 71 87 46 59 34 3 60 84 38 54 75 20 82 11 26 83 5 66 88 79 32 47 63 23 93 19 13 40 64 43 14 89 81 52 58 22 2 33 9 73 18 
TEST 95 ARG:77 95 51 62 53 68 1 78 39 85 35 86 72 44 56 24 70 61 29 28 99 41 45 67 94 48 74 7 50 91 16 15 27 65 96 69 49 37 80 4 17 57 30 0 90 36 12 55 92 97 8 10 21 76 25 31 6 42 98 71 87 46 59 34 3 60 84 38 54 75 20 82 11 26 83 5 66 88 79 32 47 63 23 93 19 13 40 64 43 14 89 81 52 58 22 2 33 9 73 18 
TEST 96 ARG:6 87 40 84 14 44 2 88 1 31 53 68 42 5 63 32 57 73 89 65 95 93 30 4 23 29 7 43 22 56 83 17 50 28 70 71 58 13 91 60 46 24 20 36 48 92 82 27 76 26 96 12 18 41 19 94 86 67 66 62 25 80 74 11 61 3 16 99 79 78 77 45 39 59 38 37 34 54 85 21 51 33 10 69 98 8 75 49 0 15 47 35 55 81 97 52 90 9 72 64 
TEST 96 ARG:6 87 40 84 14 44 2 88 1 31 53 68 42 5 63 32 57 73 89 65 95 93 30 4 23 29 7 43 22 56 83 17 50 28 70 71 58 13 91 60 46 24 20 36 48 92 82 27 76 26 96 12 18 41 19 94 86 67 66 62 25 80 74 11 61 3 16 99 79 78 77 45 39 59 38 37 34 54 85 21 51 33 10 69 98 8 75 49 0 15 47 35 55 81 97 52 90 9 72 64 
TEST 97 ARG:76 8 10 42 15 49 53 58 54 26 25 89 48 50 29 85 75 79 1 57 9 51 3 40 0 77 17 68 44 92 38 39 64 97 78 31 2 62 91 46 20 87 56 93 83 47 13 5 33 6 37 60 19 30 61 14 74 55 36 4 18 95 94 96 21 43 69 32 34 27 72 63 22 45 70 86 24 7 66 88 82 16 35 73 67 59 80 98 23 65 28 11 52 12 41 90 99 84 81 71 
TEST 97 ARG:76 8 10 42 15 49 53 58 54 26 25 89 48 50 29 85 75 79 1 57 9 51 3 40 0 77 17 68 44 92 38 39 64 97 78 31 2 62 91 46 20 87 56 93 83 47 13 5 33 6 37 60 19 30 61 14 74 55 36 4 18 95 94 96 21 43 69 32 34 27 72 63 22 45 70 86 24 7 66 88 82 16 35 73 67 59 80 98 23 65 28 11 52 12 41 90 99 84 81 71 
TEST 98 ARG:20 99 26 4 5 22 56 87 41 81 14 50 55 82 89 93 17 33 12 8 31 64 16 15 65 94 60 18 66 73 27 30 57 47 34 96 71 3 29 98 46 6 97 35 72 53 67 54 44 7 38 51 95 1 37 92 42 25 36 78 74 85 13 76 61 23 75 62 88 70 79 58 21 43 52 59 9 32 39 83 2 19 77 0 68 90 28 63 10 40 45 48 91 11 24 49 80 86 84 69 
TEST 98 ARG:20 99 26 4 5 22 56 87 41 81 14 50 55 82 89 93 17 33 12 8 31 64 16 15 65 94 60 18 66 73 27 30 57 47 34 96 71 3 29 98 46 6 97 35 72 53 67 54 44 7 38 51 95 1 37 92 42 25 36 78 74 85 13 76 61 23 75 62 88 70 79 58 21 43 52 59 9 32 39 83 2 19 77 0 68 90 28 63 10 40 45 48 91 11 24 49 80 86 84 69 
TEST 99 ARG:87 39 10 84 25 15 68 67 89 8 51 28 41 45 38 99 4 97 12 66 86 79 71 59 2 98 37 24 14 16 65 30 21 49 56 57 22 3 54 75 44 88 95 1 48 73 46 61 58 83 72 11 29 82 9 6 90 31 34 26 36 32 52 93 69 27 55 63 23 80 17 81 64 92 76 13 0 74 43 53 19 35 40 50 33 78 70 85 94 20 42 96 62 47 7 18 5 77 91 60 
TEST 99 ARG:87 39 10 84 25 15 68 67 89 8 51 28 41 45 38 99 4 97 12 66 86 79 71 59 2 98 37 24 14 16 65 30 21 49 56 57 22 3 54 75 44 88 95 1 48 73 46 61 58 83 72 11 29 82 9 6 90 31 34 26 36 32 52 93 69 27 55 63 23 80 17 81 64 92 76 13 0 74 43 53 19 35 40 50 33 78 70 85 94 20 42 96 62 47 7 18 5 77 91 60 
TEST 100 ARG:78 76 20 57 92 1 2 56 30 36 16 14 69 15 40 17 62 85 13 44 21 91 66 4 8 90 53 51 58 64 7 59 19 68 23 5 32 63 60 70 25 41 99 6 88 18 46 0 9 39 94 48 77 55 87 33 74 96 49 65 54 26 11 98 35 81 67 28 24 95 10 84 34 82 47 93 86 22 3 80 42 27 71 43 37 72 75 31 50 12 79 61 97 29 38 45 73 89 83 52 
TEST 100 ARG:78 76 20 57 92 1 2 56 30 36 16 14 69 15 40 17 62 85 13 44 21 91 66 4 8 90 53 51 58 64 7 59 19 68 23 5 32 63 60 70 25 41 99 6 88 18 46 0 9 39 94 48 77 55 87 33 74 96 49 65 54 26 11 98 35 81 67 28 24 95 10 84 34 82 47 93 86 22 3 80 42 27 71 43 37 72 75 31 50 12 79 61 97 29 38 45 73 89 83 52 
TEST 101 ARG:69 84 27 15 55 22 31 58 90 38 8 77 47 80 20 34 13 76 29 49 71 32 46 2 86 11 14 85 57 79 30 37 64 72 35 68 75 25 53 50 36 6 61 21 43 48 67 52 7 60 87 62 44 9 59 26 42 39 51 93 92 88 5 0 56 17 81 73 3 23 97 54 94 41 63 95 89 65 66 98 18 28 16 74 19 99 40 91 33 78 10 45 24 83 70 82 96 1 4 12 
TEST 101 ARG:69 84 27 15 55 22 31 58 90 38 8 77 47 80 20 34 13 76 29 49 71 32 46 2 86 11 14 85 57 79 30 37 64 72 35 68 75 25 53 50 36 6 61 21 43 48 67 52 7 60 87 62 44 9 59 26 42 39 51 93 92 88 5 0 56 17 81 73 3 23 97 54 94 41 63 95 89 65 66 98 18 28 16 74 19 99 40 91 33 78 10 45 24 83 70 82 96 1 4 12 
TEST 102 ARG:33 82 22 97 52 13 68 14 58 32 67 63 24 7 12 76 98 72 84 41 11 55 69 27 37 15 1 2 50 6 89 54 43 59 92 44 42 0 66 18 64 83 60 30 91 71 62 56 70 35 29 47 49 96 86 48 46 25 3 36 81 51 17 26 80 99 90 23 10 78 53 79 61 19 8 9 65 75 34 39 87 94 77 16 85 20 28 93 45 95 31 40 38 57 21 4 73 5 74 88 
TEST 102 ARG:33 82 22 97 52 13 68 14 58 32 67 63 24 7 12 76 98 72 84 41 11 55 69 27 37 15 1 2 50 6 89 54 43 59 92 44 42 0 66 18 64 83 60 30 91 71 62 56 70 35 29 47 49 96 86 48 46 25 3 36 81 51 17 26 80 99 90 23 10 78 53 79 61 19 8 9 65 75 34 39 87 94 77 16 85 20 28 93 45 95 31 40 38 57 21 4 73 5 74 88 
TEST 103 ARG:83 91 26 17 89 49 77 25 33 27 70 58 28 62 75 60 12 57 67 38 74 18 86 11 43 31 40 84 9 68 29 5 96 39 50 24 21 34 73 52 30 85 63 20 82 90 69 1 72 14 97 0 88 59 65 6 3 53 44 94 98 15 61 71 51 41 66 19 81 64 47 13 80 99 7 2 16 56 37 32 48 87 23 4 78 76 35 54 45 22 92 10 36 8 79 93 42 55 46 95 
TEST 103 ARG:83 91 26 17 89 49 77 25 33 27 70 58 28 62 75 60 12 57 67 38 74 18 86 11 43 31 40 84 9 68 29 5 96 39 50 24 21 34 73 52 30 85 63 20 82 90 69 1 72 14 97 0 88 59 65 6 3 53 44 94 98 15 61 71 51 41 66 19 81 64 47 13 80 99 7 2 16 56 37 32 48 87 23 4 78 76 35 54 45 22 92 10 36 8 79 93 42 55 46 95 
TEST 104 ARG:36 42 51 17 85 91 28 82 75 49 64 76 43 0 67 13 60 68 20 96 52 74 31 9 66 62 92 88 97 45 7 10 29 71 41 46 11 83 27 39 26 4 37 54 18 99 81 34 55 73 77 1 57 69 44 98 89 93 25 24 59 2 3 84 5 70 19 47 32 86 22 23 90 78 8 30 53 58 12 87 63 80 50 21 65 48 6 61 95 79 16 14 33 72 35 56 15 94 38 40 
TEST 104 ARG:36 42 51 17 85 91 28 82 75 49 64 76 43 0 67 13 60 68 20 96 52 74 31 9 66 62 92 88 97 45 7 10 29 71 41 46 11 83 27 39 26 4 37 54 18 99 81 34 55 73 77 1 57 69 44 98 89 93 25 24 59 2 3 84 5 70 19 47 32 86 22 23 90 78 8 30 53 58 12 87 63 80 50 21 65 48 6 61 95 79 16 14 33 72 35 56 15 94 38 40 
TEST 105 ARG:13 49 46 26 95 37 41 4 35 79 69 97 24 15 92 52 1 86 9 94 56 76 60 50 42 40 93 61 98 31 75 66 63 85 30 51 58 0 96 5 47 11 19 59 90 78 91 36 25 55 18 16 62 12 48 28 14 54 84 73 81 10 38 70 20 65 72 32 57 99 7 39 64 22 71 27 8 68 3 43 74 89 83 44 88 45 80 21 34 2 87 82 67 77 33 29 6 53 17 23 
TEST 105 ARG:13 49 46 26 95 37 41 4 35 79 69 97 24 15 92 52 1 86 9 94 56 76 60 50 42 40 93 61 98 31 75 66 63 85 30 51 58 0 96 5 47 11 19 59 90 78 91 36 25 55 18 16 62 12 48 28 14 54 84 73 81 10 38 70 20 65 72 32 57 99 7 39 64 22 71 27 8 68 3 43 74 89 83 44 88 45 80 21 34 2 87 82 67 77 33 29 6 53 17 23 
TEST 106 ARG:40 74 76 35 44 21 4 8 26 63 56 91 49 19 42 5 28 94 82 60 9 92 54 71 36 79 38 99 10 48 34 30 77 96 7 75 95 20 61 81 98 87 29 86 65 17 55 89 18 0 46 6 59 67 25 47 53 2 16 70 23 57 58 93 68 13 14 52 37 33 11 31 27 32 3 43 80 90 64 15 97 24 72 84 85 51 39 83 41 50 78 1 66 22 73 45 12 69 62 88 
TEST 106 ARG:40 74 76 35 44 21 4 8 26 63 56 91 49 19 42 5 28 94 82 60 9 92 54 71 36 79 38 99 10 48 34 30 77 96 7 75 95 20 61 81 98 87 29 86 65 17 55 89 18 0 46 6 59 67 25 47 53 2 16 70 23 57 58 93 68 13 14 52 37 33 11 31 27 32 3 43 80 90 64 15 97 24 72 84 85 51 39 83 41 50 78 1 66 22 73 45 12 69 62 88 
TEST 107 ARG:37 45 75 60 70 14 7 15 91 1 42 81 95 43 56 64 2 39 62 24 11 32 77 26 86 93 27 17 94 99 25 61 22 3 65 53 23 44 89 90 10 73 5 63 34 4 52 98 46 40 49 59 88 47 78 55 0 80 41 36 8 29 57 69 82 21 12 20 76 68 96 84 87 48 97 18 50 71 35 66 72 19 13 83 28 51 6 58 79 9 92 38 16 54 67 31 74 33 30 85 
TEST 107 ARG:37 45 75 60 70 14 7 15 91 1 42 81 95 43 56 64 2 39 62 24 11 32 77 26 86 93 27 17 94 99 25 61 22 3 65 53 23 44 89 90 10 73 5 63 34 4 52 98 46 40 49 59 88 47 78 55 0 80 41 36 8 29 57 69 82 21 12 20 76 68 96 84 87 48 97 18 50 71 35 66 72 19 13 83 28 51 6 58 79 9 92 38 16 54 67 31 74 33 30 85 
TEST 108 ARG:2 36 18 82 50 16 74 15 28 94 6 62 98 43 47 81 39 23 45 25 87 99 51 65 40 46 70 55 93 37 53 84 96 76 26 75 7 80 88 86 91 58 67 42 63 56 13 22 61 1 68 3 32 77 24 21 59 10 73 92 64 4 12 30 60 90 5 57 95 54 9 29 41 66 49 83 44 17 69 0 35 72 97 34 20 52 14 27 8 85 48 38 11 19 33 71 79 78 89 31 
TEST 108 ARG:2 36 18 82 50 16 74 15 28 94 6 62 98 43 47 81 39 23 45 25 87 99 51 65 40 46 70 55 93 37 53 84 96 76 26 75 7 80 88 86 91 58 67 42 63 56 13 22 61 1 68 3 32 77 24 21 59 10 73 92 64 4 12 30 60 90 5 57 95 54 9 29 41 66 49 83 44 17 69 0 35 72 97 34 20 52 14 27 8 85 48 38 11 19 33 71 79 78 89 31 
TEST 109 ARG:9 92 4 93 40 41 77 15 84 39 12 23 33 6 47 85 49 2 24 96 57 97 55 58 3 76 30 98 10 38 34 61 62 86 89 56 72 29 37 69 83 19 82 26 60 22 74 43 42 67 64 16 18 95 31 79 8 45 1 7 13 73 20 5 14 66 27 17 46 99 59 35 21 44 51 25 81 28 87 75 53 36 91 11 48 65 78 50 71 32 68 94 90 80 70 0 54 52 88 63 
TEST 109 ARG:9 92 4 93 40 41 77 15 84 39 12 23 33 6 47 85 49 2 24 96 57 97 55 58 3 76 30 98 10 38 34 61 62 86 89 56 72 29 37 69 83 19 82 26 60 22 74 43 42 67 64 16 18 95 31 79 8 45 1 7 13 73 20 5 14 66 27 17 46 99 59 35 21 44 51 25 81 28 87 75 53 36 91 11 48 65 78 50 71 32 68 94 90 80 70 0 54 52 88 63 
TEST 110 ARG:5 32 99 34 9 88 14 36 39 6 60 78 66 96 13 58 53 38 25 63 49 1 42 28 86 76 3 59 12 87 18 10 93 33 85 74 91 45 21 89 44 11 47 15 75 37 57 8 0 43 46 29 27 80 35 69 56 24 22 2 84 4 62 31 92 97 17 68 55 90 83 54 61 65 67 73 81 71 64 72 48 94 77 52 70 20 7 26 95 30 41 82 51 79 98 16 19 50 40 23 
TEST 110 ARG:5 32 99 34 9 88 14 36 39 6 60 78 66 96 13 58 53 38 25 63 49 1 42 28 86 76 3 59 12 87 18 10 93 33 85 74 91 45 21 89 44 11 47 15 75 37 57 8 0 43 46 29 27 80 35 69 56 24 22 2 84 4 62 31 92 97 17 68 55 90 83 54 61 65 67 73 81 71 64 72 48 94 77 52 70 20 7 26 95 30 41 82 51 79 98 16 19 50 40 23 
TEST 111 ARG:55 97 71 48 17 61 69 56 72 5 47 59 78 60 15 21 16 77 91 68 7 13 0 53 24 81 51 45 74 28 94 64 86 87 26 3 95 73 41 9 54 88 20 40 25 93 19 76 43 46 30 27 1 36 44 22 12 96 83 89 34 8 23 58 33 70 29 31 14 85 50 79 38 2 39 84 18 49 99 98 80 32 52 65 66 4 90 82 37 67 35 6 10 57 63 11 75 62 92 42 
TEST 111 ARG:55 97 71 48 17 61 69 56 72 5 47 59 78 60 15 21 16 77 91 68 7 13 0 53 24 81 51 45 74 28 94 64 86 87 26 3 95 73 41 9 54 88 20 40 25 93 19 76 43 46 30 27 1 36 44 22 12 96 83 89 34 8 23 58 33 70 29 31 14 85 50 79 38 2 39 84 18 49 99 98 80 32 52 65 66 4 90 82 37 67 35 6 10 57 63 11 75 62 92 42 
TEST 112 ARG:63 70 42 91 69 84 78 68 39 2 9 35 93 92 32 54 57 41 94 65 88 22 89 4 67 51 45 28 97 30 21 96 60 12 52 76 81 50 74 13 31 25 36 82 33 95 43 27 3 72 29 61 16 58 99 73 19 23 37 46 80 83 64 56 48 40 17 79 71 53 90 18 75 34 59 86 8 85 20 14 87 38 15 1 98 10 66 11 5 24 0 77 26 55 49 6 62 7 47 44 
TEST 112 ARG:63 70 42 91 69 84 78 68 39 2 9 35 93 92 32 54 57 41 94 65 88 22 89 4 67 51 45 28 97 30 21 96 60 12 52 76 81 50 74 13 31 25 36 82 33 95 43 27 3 72 29 61 16 58 99 73 19 23 37 46 80 83 64 56 48 40 17 79 71 53 90 18 75 34 59 86 8 85 20 14 87 38 15 1 98 10 66 11 5 24 0 77 26 55 49 6 62 7 47 44 
